0	0	26
0.1	0	26.1
0.2	0	26.1
0.3	0	26.2
0.4	0	26.2
0.5	0	26.3
0.6	0	26.3
0.7	0	26.4
0.8	0	26.4
0.9	0	26.4
1	0	26.5
1.1	0	26.5
1.2	0	26.6
1.3	0	26.6
1.4	0	26.6
1.5	0	26.7
1.6	0	26.7
1.7	0	26.7
1.8	0	26.8
1.9	0	26.8
2	0	26.8
2.1	0	26.8
2.2	0	26.9
2.3	0	26.9
2.4	0	26.9
2.5	0	26.9
2.6	0	27
2.7	0	27
2.8	0	27
2.9	0	27
3	0	27
3.1	0	27.1
3.2	0	27.1
3.3	0	27.1
3.4	0	27.1
3.5	0	27.1
3.6	0	27.1
3.7	0	27.2
3.8	0	27.2
3.9	0	27.2
4	0	27.2
4.1	0	27.2
4.2	0	27.2
4.3	0	27.2
4.4	0	27.3
4.5	0	27.3
4.6	0	27.3
4.7	0	27.3
4.8	0	27.3
4.9	0	27.3
5	0	27.3
5.1	0	27.3
5.2	0	27.3
5.3	0	27.3
5.4	0	27.3
5.5	0	27.4
5.6	0	27.4
5.7	0	27.4
5.8	0	27.4
5.9	0	27.4
6	0	27.4
6.1	0	27.4
6.2	0	27.4
6.3	0	27.4
6.4	0	27.4
6.5	0	27.4
6.6	0	27.4
6.7	0	27.4
6.8	0	27.4
6.9	0	27.4
7	0	27.5
7.1	0	27.5
7.2	0	27.5
7.3	0	27.5
7.4	0	27.5
7.5	0	27.5
7.6	0	27.5
7.7	0	27.5
7.8	0	27.5
7.9	0	27.5
8	0	27.5
8.1	0	27.5
8.2	0	27.5
8.3	0	27.5
8.4	0	27.5
8.5	0	27.5
8.6	0	27.5
8.7	0	27.5
8.8	0	27.5
8.9	0	27.6
9	0	27.6
9.1	0	27.6
9.2	0	27.6
9.3	0	27.6
9.4	0	27.6
9.5	0	27.6
9.6	0	27.6
9.7	0	27.6
9.8	0	27.6
9.9	0	27.6
10	0	27.6
10.1	0	27.6
10.2	0	27.6
10.3	0	27.6
10.4	0	27.6
10.5	0	27.6
10.6	0	27.6
10.7	0	27.6
10.8	0	27.6
10.9	0	27.6
11	0	27.6
11.1	0	27.7
11.2	0	27.7
11.3	0	27.7
11.4	0	27.7
11.5	0	27.7
11.6	0	27.7
11.7	0	27.7
11.8	0	27.7
11.9	0	27.7
12	0	27.7
12.1	0	27.7
12.2	0	27.7
12.3	0	27.7
12.4	0	27.7
12.5	0	27.7
12.6	0	27.7
12.7	0	27.7
12.8	0	27.7
12.9	0	27.7
13	0	27.7
13.1	0	27.7
13.2	0	27.7
13.3	0	27.7
13.4	0	27.7
13.5	0	27.7
13.6	0	27.7
13.7	0	27.7
13.8	0	27.7
13.9	0	27.7
14	0	27.7
14.1	0	27.7
14.2	0	27.7
14.3	0	27.7
14.4	0	27.7
14.5	0	27.7
14.6	0	27.7
14.7	0	27.7
14.8	0	27.7
14.9	0	27.7
15	0	27.7
15.1	0	27.7
15.2	0	27.7
15.3	0	27.7
15.4	0	27.7
15.5	0	27.6
15.6	0	27.6
15.7	0	27.6
15.8	0	27.6
15.9	0	27.6
16	0	27.6
16.1	0	27.6
16.2	0	27.6
16.3	0	27.6
16.4	0	27.6
16.5	0	27.6
16.6	0	27.6
16.7	0	27.6
16.8	0	27.6
16.9	0	27.6
17	0	27.6
17.1	0	27.5
17.2	0	27.5
17.3	0	27.5
17.4	0	27.5
17.5	0	27.5
17.6	0	27.5
17.7	0	27.5
17.8	0	27.5
17.9	0	27.5
18	0	27.5
18.1	0	27.5
18.2	0	27.4
18.3	0	27.4
18.4	0	27.4
18.5	0	27.4
18.6	0	27.4
18.7	0	27.4
18.8	0	27.4
18.9	0	27.4
19	0	27.4
19.1	0	27.4
19.2	0	27.4
19.3	0	27.3
19.4	0	27.3
19.5	0	27.3
19.6	0	27.3
19.7	0	27.3
19.8	0	27.3
19.9	0	27.3
20	0	27.3
20.1	0	27.3
20.2	0	27.3
20.3	0	27.3
20.4	0	27.3
20.5	0	27.2
20.6	0	27.2
20.7	0	27.2
20.8	0	27.2
20.9	0	27.2
21	0	27.2
21.1	0	27.2
21.2	0	27.2
21.3	0	27.2
21.4	0	27.2
21.5	0	27.2
21.6	0	27.2
21.7	0	27.2
21.8	0	27.2
21.9	0	27.2
22	0	27.1
22.1	0	27.1
22.2	0	27.1
22.3	0	27.1
22.4	0	27.1
22.5	0	27.1
22.6	0	27.1
22.7	0	27.1
22.8	0	27.1
22.9	0	27.1
23	0	27.1
23.1	0	27.1
23.2	0	27.1
23.3	0	27.1
23.4	0	27.1
23.5	0	27.1
23.6	0	27.1
23.7	0	27.1
23.8	0	27.1
23.9	0	27
24	0	27
24.1	0	27
24.2	0	27
24.3	0	27
24.4	0	27
24.5	0	27
24.6	0	27
24.7	0	27
24.8	0	27
24.9	0	27
25	0	27
25.1	0	27
25.2	0	27
25.3	0	27
25.4	0	27
25.5	0	27
25.6	0	27
25.7	0	27
25.8	0	27
25.9	0	27
26	0	27
26.1	0	27
26.2	0	27
26.3	0	27
26.4	0	27
26.5	0	27
26.6	0	27
26.7	0	27
26.8	0	27
26.9	0	27
27	0	26.9
27.1	0	26.9
27.2	0	26.9
27.3	0	26.9
27.4	0	26.9
27.5	0	26.9
27.6	0	26.9
27.7	0	26.9
27.8	0	26.9
27.9	0	26.9
28	0	26.9
28.1	0	26.9
28.2	0	26.9
28.3	0	26.9
28.4	0	26.9
28.5	0	26.9
28.6	0	26.9
28.7	0	26.9
28.8	0	26.9
28.9	0	26.9
29	0	26.9
29.1	0	26.9
29.2	0	26.9
29.3	0	26.9
29.4	0	26.9
29.5	0	26.9
29.6	0	26.9
29.7	0	26.9
29.8	0	26.9
29.9	0	26.9
30	0	26.9
30.1	0	26.9
30.2	0	26.9
30.3	0	26.9
30.4	0	26.9
30.5	0	26.9
30.6	0	26.9
30.7	0	26.9
30.8	0	26.9
30.9	0	26.9
31	0	26.9
31.1	0	26.9
31.2	0	26.9
31.3	0	26.9
31.4	0	26.9
31.5	0	26.9
31.6	0	26.9
31.7	0	26.9
31.8	0	26.9
31.9	0	26.9
32	0	26.9
32.1	0	26.9
32.2	0	26.9
32.3	0	26.9
32.4	0	26.9
32.5	0	26.9
32.6	0	26.9
32.7	0	26.9
32.8	0	26.9
32.9	0	26.9
33	0	26.9
33.1	0	26.9
33.2	0	26.9
33.3	0	26.9
33.4	0	26.9
33.5	0	26.9
33.6	0	26.9
33.7	0	26.9
33.8	0	26.9
33.9	0	26.9
34	0	26.9
34.1	0	26.9
34.2	0	26.9
34.3	0	26.9
34.4	0	26.9
34.5	0	27
34.6	0	27
34.7	0	27
34.8	0	27
34.9	0	27
35	0	27
35.1	0	27
35.2	0	27
35.3	0	27
35.4	0	27
35.5	0	27
35.6	0	27
35.7	0	27
35.8	0	27
35.9	0	27
36	0	27
36.1	0	27
36.2	0	27
36.3	0	27
36.4	0	27
36.5	0	27
36.6	0	27
36.7	0	27
36.8	0	27
36.9	0	27
37	0	27
37.1	0	27
37.2	0	27
37.3	0	27
37.4	0	27
37.5	0	26.9
37.6	0	26.9
37.7	0	26.9
37.8	0	26.9
37.9	0	26.9
38	0	26.9
38.1	0	26.9
38.2	0	26.9
38.3	0	26.9
38.4	0	26.9
38.5	0	26.9
38.6	0	26.9
38.7	0	26.9
38.8	0	26.9
38.9	0	26.9
39	0	26.9
39.1	0	26.9
39.2	0	26.9
39.3	0	26.9
39.4	0	26.9
39.5	0	26.9
39.6	0	26.9
39.7	0	26.9
39.8	0	26.9
39.9	0	26.9
40	0	26.9
40.1	0	26.8
40.2	0	26.8
40.3	0	26.8
40.4	0	26.8
40.5	0	26.8
40.6	0	26.8
40.7	0	26.8
40.8	0	26.8
40.9	0	26.8
41	0	26.8
41.1	0	26.8
41.2	0	26.8
41.3	0	26.8
41.4	0	26.8
41.5	0	26.8
41.6	0	26.8
41.7	0	26.8
41.8	0	26.8
41.9	0	26.8
42	0	26.8
42.1	0	26.9
42.2	0	26.9
42.3	0	26.9
42.4	0	26.9
42.5	0	26.9
42.6	0	26.9
42.7	0	26.9
42.8	0	26.9
42.9	0	26.9
43	0	26.9
43.1	0	26.9
43.2	0	26.9
43.3	0	26.9
43.4	0	27
43.5	0	27
43.6	0	27
43.7	0	27
43.8	0	27
43.9	0	27
44	0	27
44.1	0	27
44.2	0	27.1
44.3	0	27.1
44.4	0	27.1
44.5	0	27.1
44.6	0	27.1
44.7	0	27.1
44.8	0	27.1
44.9	0	27.1
45	0	27.1
45.1	0	27.1
45.2	0	27.2
45.3	0	27.2
45.4	0	27.2
45.5	0	27.2
45.6	0	27.2
45.7	0	27.2
45.8	0	27.2
45.9	0	27.2
46	0	27.2
46.1	0	27.2
46.2	0	27.2
46.3	0	27.2
46.4	0	27.2
46.5	0	27.2
46.6	0	27.2
46.7	0	27.2
46.8	0	27.3
46.9	0	27.3
47	0	27.3
47.1	0	27.3
47.2	0	27.3
47.3	0	27.3
47.4	0	27.3
47.5	0	27.3
47.6	0	27.3
47.7	0	27.3
47.8	0	27.3
47.9	0	27.3
48	0	27.3
48.1	0	27.3
48.2	0	27.3
48.3	0	27.3
48.4	0	27.3
48.5	0	27.3
48.6	0	27.3
48.7	0	27.3
48.8	0	27.3
48.9	0	27.3
49	0	27.3
49.1	0	27.3
49.2	0	27.3
49.3	0	27.3
49.4	0	27.3
49.5	0	27.3
49.6	0	27.3
49.7	0	27.3
49.8	0	27.3
49.9	0	27.3
50	65	27.3
50.1	65	27.3
50.2	65	27.3
50.3	65	27.3
50.4	65	27.3
50.5	65	27.3
50.6	65	27.3
50.7	65	27.3
50.8	65	27.3
50.9	65	27.3
51	65	27.3
51.1	65	27.3
51.2	65	27.3
51.3	65	27.3
51.4	65	27.3
51.5	65	27.3
51.6	65	27.3
51.7	65	27.3
51.8	65	27.3
51.9	65	27.3
52	65	27.3
52.1	65	27.3
52.2	65	27.3
52.3	65	27.3
52.4	65	27.3
52.5	65	27.3
52.6	65	27.3
52.7	65	27.3
52.8	65	27.3
52.9	65	27.3
53	65	27.3
53.1	65	27.3
53.2	65	27.3
53.3	65	27.3
53.4	65	27.4
53.5	65	27.4
53.6	65	27.4
53.7	65	27.4
53.8	65	27.4
53.9	65	27.4
54	65	27.4
54.1	65	27.4
54.2	65	27.5
54.3	65	27.5
54.4	65	27.5
54.5	65	27.5
54.6	65	27.5
54.7	65	27.5
54.8	65	27.6
54.9	65	27.6
55	65	27.6
55.1	65	27.6
55.2	65	27.7
55.3	65	27.7
55.4	65	27.7
55.5	65	27.7
55.6	65	27.7
55.7	65	27.8
55.8	65	27.8
55.9	65	27.8
56	65	27.9
56.1	65	27.9
56.2	65	27.9
56.3	65	27.9
56.4	65	28
56.5	65	28
56.6	65	28
56.7	65	28.1
56.8	65	28.1
56.9	65	28.1
57	65	28.2
57.1	65	28.2
57.2	65	28.2
57.3	65	28.3
57.4	65	28.3
57.5	65	28.3
57.6	65	28.4
57.7	65	28.4
57.8	65	28.5
57.9	65	28.5
58	65	28.5
58.1	65	28.6
58.2	65	28.6
58.3	65	28.7
58.4	65	28.7
58.5	65	28.7
58.6	65	28.8
58.7	65	28.8
58.8	65	28.9
58.9	65	28.9
59	65	28.9
59.1	65	29
59.2	65	29
59.3	65	29.1
59.4	65	29.1
59.5	65	29.2
59.6	65	29.2
59.7	65	29.2
59.8	65	29.3
59.9	65	29.3
60	65	29.4
60.1	65	29.4
60.2	65	29.5
60.3	65	29.5
60.4	65	29.6
60.5	65	29.6
60.6	65	29.6
60.7	65	29.7
60.8	65	29.7
60.9	65	29.8
61	65	29.8
61.1	65	29.9
61.2	65	29.9
61.3	65	30
61.4	65	30
61.5	65	30.1
61.6	65	30.1
61.7	65	30.1
61.8	65	30.2
61.9	65	30.2
62	65	30.3
62.1	65	30.3
62.2	65	30.4
62.3	65	30.4
62.4	65	30.5
62.5	65	30.5
62.6	65	30.5
62.7	65	30.6
62.8	65	30.6
62.9	65	30.7
63	65	30.7
63.1	65	30.8
63.2	65	30.8
63.3	65	30.8
63.4	65	30.9
63.5	65	30.9
63.6	65	31
63.7	65	31
63.8	65	31.1
63.9	65	31.1
64	65	31.1
64.1	65	31.2
64.2	65	31.2
64.3	65	31.3
64.4	65	31.3
64.5	65	31.4
64.6	65	31.4
64.7	65	31.4
64.8	65	31.5
64.9	65	31.5
65	65	31.6
65.1	65	31.6
65.2	65	31.7
65.3	65	31.7
65.4	65	31.7
65.5	65	31.8
65.6	65	31.8
65.7	65	31.9
65.8	65	31.9
65.9	65	31.9
66	65	32
66.1	65	32
66.2	65	32.1
66.3	65	32.1
66.4	65	32.2
66.5	65	32.2
66.6	65	32.3
66.7	65	32.3
66.8	65	32.3
66.9	65	32.4
67	65	32.4
67.1	65	32.5
67.2	65	32.5
67.3	65	32.6
67.4	65	32.6
67.5	65	32.7
67.6	65	32.7
67.7	65	32.8
67.8	65	32.8
67.9	65	32.9
68	65	32.9
68.1	65	32.9
68.2	65	33
68.3	65	33
68.4	65	33.1
68.5	65	33.1
68.6	65	33.2
68.7	65	33.2
68.8	65	33.3
68.9	65	33.3
69	65	33.4
69.1	65	33.4
69.2	65	33.5
69.3	65	33.5
69.4	65	33.6
69.5	65	33.6
69.6	65	33.7
69.7	65	33.7
69.8	65	33.8
69.9	65	33.8
70	65	33.9
70.1	65	33.9
70.2	65	34
70.3	65	34
70.4	65	34.1
70.5	65	34.1
70.6	65	34.2
70.7	65	34.2
70.8	65	34.3
70.9	65	34.4
71	65	34.4
71.1	65	34.5
71.2	65	34.5
71.3	65	34.6
71.4	65	34.6
71.5	65	34.7
71.6	65	34.7
71.7	65	34.8
71.8	65	34.8
71.9	65	34.9
72	65	34.9
72.1	65	35
72.2	65	35
72.3	65	35.1
72.4	65	35.1
72.5	65	35.2
72.6	65	35.2
72.7	65	35.3
72.8	65	35.3
72.9	65	35.4
73	65	35.4
73.1	65	35.5
73.2	65	35.6
73.3	65	35.6
73.4	65	35.7
73.5	65	35.7
73.6	65	35.8
73.7	65	35.8
73.8	65	35.9
73.9	65	35.9
74	65	36
74.1	65	36
74.2	65	36.1
74.3	65	36.1
74.4	65	36.2
74.5	65	36.2
74.6	65	36.3
74.7	65	36.3
74.8	65	36.4
74.9	65	36.4
75	65	36.5
75.1	65	36.5
75.2	65	36.6
75.3	65	36.6
75.4	65	36.7
75.5	65	36.7
75.6	65	36.8
75.7	65	36.8
75.8	65	36.9
75.9	65	36.9
76	65	37
76.1	65	37
76.2	65	37.1
76.3	65	37.1
76.4	65	37.2
76.5	65	37.2
76.6	65	37.3
76.7	65	37.3
76.8	65	37.3
76.9	65	37.4
77	65	37.4
77.1	65	37.5
77.2	65	37.5
77.3	65	37.6
77.4	65	37.6
77.5	65	37.7
77.6	65	37.7
77.7	65	37.8
77.8	65	37.8
77.9	65	37.9
78	65	37.9
78.1	65	38
78.2	65	38
78.3	65	38
78.4	65	38.1
78.5	65	38.1
78.6	65	38.2
78.7	65	38.2
78.8	65	38.3
78.9	65	38.3
79	65	38.4
79.1	65	38.4
79.2	65	38.5
79.3	65	38.5
79.4	65	38.6
79.5	65	38.6
79.6	65	38.6
79.7	65	38.7
79.8	65	38.7
79.9	65	38.8
80	65	38.8
80.1	65	38.9
80.2	65	38.9
80.3	65	39
80.4	65	39
80.5	65	39
80.6	65	39.1
80.7	65	39.1
80.8	65	39.2
80.9	65	39.2
81	65	39.3
81.1	65	39.3
81.2	65	39.3
81.3	65	39.4
81.4	65	39.4
81.5	65	39.5
81.6	65	39.5
81.7	65	39.6
81.8	65	39.6
81.9	65	39.6
82	65	39.7
82.1	65	39.7
82.2	65	39.8
82.3	65	39.8
82.4	65	39.8
82.5	65	39.9
82.6	65	39.9
82.7	65	40
82.8	65	40
82.9	65	40.1
83	65	40.1
83.1	65	40.1
83.2	65	40.2
83.3	65	40.2
83.4	65	40.3
83.5	65	40.3
83.6	65	40.3
83.7	65	40.4
83.8	65	40.4
83.9	65	40.5
84	65	40.5
84.1	65	40.5
84.2	65	40.6
84.3	65	40.6
84.4	65	40.6
84.5	65	40.7
84.6	65	40.7
84.7	65	40.8
84.8	65	40.8
84.9	65	40.8
85	65	40.9
85.1	65	40.9
85.2	65	41
85.3	65	41
85.4	65	41
85.5	65	41.1
85.6	65	41.1
85.7	65	41.1
85.8	65	41.2
85.9	65	41.2
86	65	41.3
86.1	65	41.3
86.2	65	41.3
86.3	65	41.4
86.4	65	41.4
86.5	65	41.5
86.6	65	41.5
86.7	65	41.5
86.8	65	41.6
86.9	65	41.6
87	65	41.6
87.1	65	41.7
87.2	65	41.7
87.3	65	41.7
87.4	65	41.8
87.5	65	41.8
87.6	65	41.9
87.7	65	41.9
87.8	65	41.9
87.9	65	42
88	65	42
88.1	65	42
88.2	65	42.1
88.3	65	42.1
88.4	65	42.1
88.5	65	42.2
88.6	65	42.2
88.7	65	42.3
88.8	65	42.3
88.9	65	42.3
89	65	42.4
89.1	65	42.4
89.2	65	42.4
89.3	65	42.5
89.4	65	42.5
89.5	65	42.5
89.6	65	42.6
89.7	65	42.6
89.8	65	42.6
89.9	65	42.7
90	65	42.7
90.1	65	42.7
90.2	65	42.8
90.3	65	42.8
90.4	65	42.8
90.5	65	42.9
90.6	65	42.9
90.7	65	42.9
90.8	65	43
90.9	65	43
91	65	43
91.1	65	43.1
91.2	65	43.1
91.3	65	43.1
91.4	65	43.2
91.5	65	43.2
91.6	65	43.2
91.7	65	43.3
91.8	65	43.3
91.9	65	43.3
92	65	43.3
92.1	65	43.4
92.2	65	43.4
92.3	65	43.4
92.4	65	43.5
92.5	65	43.5
92.6	65	43.5
92.7	65	43.6
92.8	65	43.6
92.9	65	43.6
93	65	43.7
93.1	65	43.7
93.2	65	43.7
93.3	65	43.8
93.4	65	43.8
93.5	65	43.8
93.6	65	43.9
93.7	65	43.9
93.8	65	43.9
93.9	65	44
94	65	44
94.1	65	44
94.2	65	44
94.3	65	44.1
94.4	65	44.1
94.5	65	44.1
94.6	65	44.2
94.7	65	44.2
94.8	65	44.2
94.9	65	44.3
95	65	44.3
95.1	65	44.3
95.2	65	44.4
95.3	65	44.4
95.4	65	44.4
95.5	65	44.4
95.6	65	44.5
95.7	65	44.5
95.8	65	44.5
95.9	65	44.6
96	65	44.6
96.1	65	44.6
96.2	65	44.7
96.3	65	44.7
96.4	65	44.7
96.5	65	44.7
96.6	65	44.8
96.7	65	44.8
96.8	65	44.8
96.9	65	44.9
97	65	44.9
97.1	65	44.9
97.2	65	44.9
97.3	65	45
97.4	65	45
97.5	65	45
97.6	65	45
97.7	65	45.1
97.8	65	45.1
97.9	65	45.1
98	65	45.2
98.1	65	45.2
98.2	65	45.2
98.3	65	45.2
98.4	65	45.3
98.5	65	45.3
98.6	65	45.3
98.7	65	45.3
98.8	65	45.4
98.9	65	45.4
99	65	45.4
99.1	65	45.4
99.2	65	45.5
99.3	65	45.5
99.4	65	45.5
99.5	65	45.6
99.6	65	45.6
99.7	65	45.6
99.8	65	45.6
99.9	65	45.7
100	65	45.7
100	65	45.7
100	65	45.7
100	65	45.8
100	65	45.8
101	65	45.8
101	65	45.8
101	65	45.9
101	65	45.9
101	65	45.9
101	65	45.9
101	65	46
101	65	46
101	65	46
101	65	46
102	65	46.1
102	65	46.1
102	65	46.1
102	65	46.2
102	65	46.2
102	65	46.2
102	65	46.2
102	65	46.3
102	65	46.3
102	65	46.3
103	65	46.3
103	65	46.4
103	65	46.4
103	65	46.4
103	65	46.4
103	65	46.5
103	65	46.5
103	65	46.5
103	65	46.5
103	65	46.6
104	65	46.6
104	65	46.6
104	65	46.6
104	65	46.7
104	65	46.7
104	65	46.7
104	65	46.7
104	65	46.8
104	65	46.8
104	65	46.8
105	65	46.8
105	65	46.8
105	65	46.9
105	65	46.9
105	65	46.9
105	65	46.9
105	65	47
105	65	47
105	65	47
105	65	47
106	65	47.1
106	65	47.1
106	65	47.1
106	65	47.1
106	65	47.2
106	65	47.2
106	65	47.2
106	65	47.2
106	65	47.2
106	65	47.3
107	65	47.3
107	65	47.3
107	65	47.3
107	65	47.4
107	65	47.4
107	65	47.4
107	65	47.4
107	65	47.4
107	65	47.5
107	65	47.5
108	65	47.5
108	65	47.5
108	65	47.5
108	65	47.6
108	65	47.6
108	65	47.6
108	65	47.6
108	65	47.7
108	65	47.7
108	65	47.7
109	65	47.7
109	65	47.7
109	65	47.8
109	65	47.8
109	65	47.8
109	65	47.8
109	65	47.8
109	65	47.9
109	65	47.9
109	65	47.9
110	65	47.9
110	65	47.9
110	65	48
110	65	48
110	65	48
110	65	48
110	65	48.1
110	65	48.1
110	65	48.1
110	65	48.1
111	65	48.1
111	65	48.1
111	65	48.2
111	65	48.2
111	65	48.2
111	65	48.2
111	65	48.2
111	65	48.3
111	65	48.3
111	65	48.3
112	65	48.3
112	65	48.4
112	65	48.4
112	65	48.4
112	65	48.4
112	65	48.4
112	65	48.4
112	65	48.5
112	65	48.5
112	65	48.5
113	65	48.5
113	65	48.5
113	65	48.6
113	65	48.6
113	65	48.6
113	65	48.6
113	65	48.6
113	65	48.6
113	65	48.7
113	65	48.7
114	65	48.7
114	65	48.7
114	65	48.7
114	65	48.8
114	65	48.8
114	65	48.8
114	65	48.8
114	65	48.8
114	65	48.8
114	65	48.9
115	65	48.9
115	65	48.9
115	65	48.9
115	65	48.9
115	65	48.9
115	65	49
115	65	49
115	65	49
115	65	49
115	65	49
116	65	49
116	65	49.1
116	65	49.1
116	65	49.1
116	65	49.1
116	65	49.1
116	65	49.1
116	65	49.2
116	65	49.2
116	65	49.2
117	65	49.2
117	65	49.2
117	65	49.2
117	65	49.3
117	65	49.3
117	65	49.3
117	65	49.3
117	65	49.3
117	65	49.3
117	65	49.3
118	65	49.4
118	65	49.4
118	65	49.4
118	65	49.4
118	65	49.4
118	65	49.4
118	65	49.4
118	65	49.5
118	65	49.5
118	65	49.5
119	65	49.5
119	65	49.5
119	65	49.5
119	65	49.6
119	65	49.6
119	65	49.6
119	65	49.6
119	65	49.6
119	65	49.6
119	65	49.6
120	65	49.7
120	65	49.7
120	65	49.7
120	65	49.7
120	65	49.7
120	65	49.7
120	65	49.7
120	65	49.8
120	65	49.8
120	65	49.8
121	65	49.8
121	65	49.8
121	65	49.8
121	65	49.8
121	65	49.8
121	65	49.9
121	65	49.9
121	65	49.9
121	65	49.9
121	65	49.9
122	65	49.9
122	65	50
122	65	50
122	65	50
122	65	50
122	65	50
122	65	50
122	65	50
122	65	50.1
122	65	50.1
123	65	50.1
123	65	50.1
123	65	50.1
123	65	50.1
123	65	50.1
123	65	50.2
123	65	50.2
123	65	50.2
123	65	50.2
123	65	50.2
124	65	50.2
124	65	50.2
124	65	50.3
124	65	50.3
124	65	50.3
124	65	50.3
124	65	50.3
124	65	50.3
124	65	50.4
124	65	50.4
125	65	50.4
125	65	50.4
125	65	50.4
125	65	50.4
125	65	50.4
125	65	50.5
125	65	50.5
125	65	50.5
125	65	50.5
125	65	50.5
126	65	50.5
126	65	50.6
126	65	50.6
126	65	50.6
126	65	50.6
126	65	50.6
126	65	50.6
126	65	50.7
126	65	50.7
126	65	50.7
127	65	50.7
127	65	50.7
127	65	50.7
127	65	50.8
127	65	50.8
127	65	50.8
127	65	50.8
127	65	50.8
127	65	50.8
127	65	50.9
128	65	50.9
128	65	50.9
128	65	50.9
128	65	50.9
128	65	51
128	65	51
128	65	51
128	65	51
128	65	51
128	65	51
129	65	51.1
129	65	51.1
129	65	51.1
129	65	51.1
129	65	51.1
129	65	51.1
129	65	51.2
129	65	51.2
129	65	51.2
129	65	51.2
130	65	51.2
130	65	51.2
130	65	51.3
130	65	51.3
130	65	51.3
130	65	51.3
130	65	51.3
130	65	51.3
130	65	51.4
130	65	51.4
131	65	51.4
131	65	51.4
131	65	51.4
131	65	51.4
131	65	51.5
131	65	51.5
131	65	51.5
131	65	51.5
131	65	51.5
131	65	51.5
132	65	51.5
132	65	51.6
132	65	51.6
132	65	51.6
132	65	51.6
132	65	51.6
132	65	51.6
132	65	51.7
132	65	51.7
132	65	51.7
133	65	51.7
133	65	51.7
133	65	51.7
133	65	51.8
133	65	51.8
133	65	51.8
133	65	51.8
133	65	51.8
133	65	51.8
133	65	51.8
134	65	51.9
134	65	51.9
134	65	51.9
134	65	51.9
134	65	51.9
134	65	51.9
134	65	52
134	65	52
134	65	52
134	65	52
135	65	52
135	65	52
135	65	52
135	65	52.1
135	65	52.1
135	65	52.1
135	65	52.1
135	65	52.1
135	65	52.1
135	65	52.2
136	65	52.2
136	65	52.2
136	65	52.2
136	65	52.2
136	65	52.2
136	65	52.2
136	65	52.3
136	65	52.3
136	65	52.3
136	65	52.3
137	65	52.3
137	65	52.3
137	65	52.4
137	65	52.4
137	65	52.4
137	65	52.4
137	65	52.4
137	65	52.4
137	65	52.4
137	65	52.5
138	65	52.5
138	65	52.5
138	65	52.5
138	65	52.5
138	65	52.5
138	65	52.5
138	65	52.6
138	65	52.6
138	65	52.6
138	65	52.6
139	65	52.6
139	65	52.6
139	65	52.6
139	65	52.7
139	65	52.7
139	65	52.7
139	65	52.7
139	65	52.7
139	65	52.7
139	65	52.7
140	65	52.7
140	65	52.8
140	65	52.8
140	65	52.8
140	65	52.8
140	65	52.8
140	65	52.8
140	65	52.8
140	65	52.8
140	65	52.9
141	65	52.9
141	65	52.9
141	65	52.9
141	65	52.9
141	65	52.9
141	65	52.9
141	65	52.9
141	65	52.9
141	65	52.9
141	65	53
142	65	53
142	65	53
142	65	53
142	65	53
142	65	53
142	65	53
142	65	53
142	65	53
142	65	53
142	65	53.1
143	65	53.1
143	65	53.1
143	65	53.1
143	65	53.1
143	65	53.1
143	65	53.1
143	65	53.1
143	65	53.1
143	65	53.1
143	65	53.1
144	65	53.2
144	65	53.2
144	65	53.2
144	65	53.2
144	65	53.2
144	65	53.2
144	65	53.2
144	65	53.2
144	65	53.2
144	65	53.2
145	65	53.2
145	65	53.2
145	65	53.3
145	65	53.3
145	65	53.3
145	65	53.3
145	65	53.3
145	65	53.3
145	65	53.3
145	65	53.3
146	65	53.3
146	65	53.3
146	65	53.3
146	65	53.3
146	65	53.3
146	65	53.3
146	65	53.4
146	65	53.4
146	65	53.4
146	65	53.4
147	65	53.4
147	65	53.4
147	65	53.4
147	65	53.4
147	65	53.4
147	65	53.4
147	65	53.4
147	65	53.4
147	65	53.4
147	65	53.4
148	65	53.5
148	65	53.5
148	65	53.5
148	65	53.5
148	65	53.5
148	65	53.5
148	65	53.5
148	65	53.5
148	65	53.5
148	65	53.5
149	65	53.5
149	65	53.5
149	65	53.5
149	65	53.5
149	65	53.6
149	65	53.6
149	65	53.6
149	65	53.6
149	65	53.6
149	65	53.6
150	65	53.6
150	65	53.6
150	65	53.6
150	65	53.6
150	65	53.6
150	65	53.6
150	65	53.6
150	65	53.6
150	65	53.7
150	65	53.7
151	65	53.7
151	65	53.7
151	65	53.7
151	65	53.7
151	65	53.7
151	65	53.7
151	65	53.7
151	65	53.7
151	65	53.7
151	65	53.7
152	65	53.7
152	65	53.7
152	65	53.7
152	65	53.8
152	65	53.8
152	65	53.8
152	65	53.8
152	65	53.8
152	65	53.8
152	65	53.8
153	65	53.8
153	65	53.8
153	65	53.8
153	65	53.8
153	65	53.8
153	65	53.9
153	65	53.9
153	65	53.9
153	65	53.9
153	65	53.9
154	65	53.9
154	65	53.9
154	65	53.9
154	65	53.9
154	65	53.9
154	65	53.9
154	65	53.9
154	65	54
154	65	54
154	65	54
155	65	54
155	65	54
155	65	54
155	65	54
155	65	54
155	65	54
155	65	54
155	65	54
155	65	54.1
155	65	54.1
156	65	54.1
156	65	54.1
156	65	54.1
156	65	54.1
156	65	54.1
156	65	54.1
156	65	54.1
156	65	54.1
156	65	54.2
156	65	54.2
157	65	54.2
157	65	54.2
157	65	54.2
157	65	54.2
157	65	54.2
157	65	54.2
157	65	54.2
157	65	54.2
157	65	54.3
157	65	54.3
158	65	54.3
158	65	54.3
158	65	54.3
158	65	54.3
158	65	54.3
158	65	54.3
158	65	54.3
158	65	54.3
158	65	54.4
158	65	54.4
159	65	54.4
159	65	54.4
159	65	54.4
159	65	54.4
159	65	54.4
159	65	54.4
159	65	54.4
159	65	54.4
159	65	54.4
159	65	54.5
160	65	54.5
160	65	54.5
160	65	54.5
160	65	54.5
160	65	54.5
160	65	54.5
160	65	54.5
160	65	54.5
160	65	54.5
160	65	54.5
161	65	54.5
161	65	54.6
161	65	54.6
161	65	54.6
161	65	54.6
161	65	54.6
161	65	54.6
161	65	54.6
161	65	54.6
161	65	54.6
162	65	54.6
162	65	54.6
162	65	54.6
162	65	54.6
162	65	54.6
162	65	54.6
162	65	54.6
162	65	54.7
162	65	54.7
162	65	54.7
163	65	54.7
163	65	54.7
163	65	54.7
163	65	54.7
163	65	54.7
163	65	54.7
163	65	54.7
163	65	54.7
163	65	54.7
163	65	54.7
164	65	54.7
164	65	54.7
164	65	54.7
164	65	54.7
164	65	54.7
164	65	54.7
164	65	54.7
164	65	54.7
164	65	54.7
164	65	54.7
165	65	54.7
165	65	54.7
165	65	54.7
165	65	54.7
165	65	54.7
165	65	54.7
165	65	54.7
165	65	54.7
165	65	54.7
165	65	54.7
166	65	54.7
166	65	54.6
166	65	54.6
166	65	54.6
166	65	54.6
166	65	54.6
166	65	54.6
166	65	54.6
166	65	54.6
166	65	54.6
167	65	54.6
167	65	54.6
167	65	54.6
167	65	54.6
167	65	54.6
167	65	54.6
167	65	54.6
167	65	54.6
167	65	54.6
167	65	54.6
168	65	54.6
168	65	54.6
168	65	54.6
168	65	54.6
168	65	54.6
168	65	54.6
168	65	54.6
168	65	54.6
168	65	54.6
168	65	54.6
169	65	54.6
169	65	54.6
169	65	54.6
169	65	54.6
169	65	54.6
169	65	54.6
169	65	54.6
169	65	54.6
169	65	54.6
169	65	54.6
170	65	54.6
170	65	54.6
170	65	54.6
170	65	54.6
170	65	54.6
170	65	54.6
170	65	54.6
170	65	54.6
170	65	54.6
170	65	54.6
171	65	54.6
171	65	54.6
171	65	54.6
171	65	54.6
171	65	54.6
171	65	54.6
171	65	54.6
171	65	54.6
171	65	54.6
171	65	54.6
172	65	54.7
172	65	54.7
172	65	54.7
172	65	54.7
172	65	54.7
172	65	54.7
172	65	54.7
172	65	54.7
172	65	54.7
172	65	54.7
173	65	54.7
173	65	54.7
173	65	54.7
173	65	54.7
173	65	54.7
173	65	54.7
173	65	54.7
173	65	54.7
173	65	54.7
173	65	54.8
174	65	54.8
174	65	54.8
174	65	54.8
174	65	54.8
174	65	54.8
174	65	54.8
174	65	54.8
174	65	54.8
174	65	54.8
174	65	54.8
175	65	54.8
175	65	54.8
175	65	54.8
175	65	54.8
175	65	54.8
175	65	54.8
175	65	54.8
175	65	54.8
175	65	54.9
175	65	54.9
176	65	54.9
176	65	54.9
176	65	54.9
176	65	54.9
176	65	54.9
176	65	54.9
176	65	54.9
176	65	54.9
176	65	54.9
176	65	54.9
177	65	54.9
177	65	54.9
177	65	54.9
177	65	54.9
177	65	54.9
177	65	54.9
177	65	54.9
177	65	54.9
177	65	54.9
177	65	54.9
178	65	54.9
178	65	54.9
178	65	54.9
178	65	54.9
178	65	54.9
178	65	54.9
178	65	54.9
178	65	54.9
178	65	54.9
178	65	54.9
179	65	54.9
179	65	54.9
179	65	54.9
179	65	54.9
179	65	54.9
179	65	54.9
179	65	54.9
179	65	54.9
179	65	54.9
179	65	54.9
180	65	54.9
180	65	54.9
180	65	54.9
180	65	54.9
180	65	54.9
180	65	54.9
180	65	54.9
180	65	54.9
180	65	54.9
180	65	54.9
181	65	54.9
181	65	54.9
181	65	54.9
181	65	54.9
181	65	54.9
181	65	54.9
181	65	54.9
181	65	54.9
181	65	54.9
181	65	55
182	65	55
182	65	55
182	65	55
182	65	55
182	65	55
182	65	55
182	65	55
182	65	55
182	65	55
182	65	55
183	65	55
183	65	55
183	65	55
183	65	55
183	65	55
183	65	55
183	65	55
183	65	55.1
183	65	55.1
183	65	55.1
184	65	55.1
184	65	55.1
184	65	55.1
184	65	55.1
184	65	55.1
184	65	55.1
184	65	55.1
184	65	55.1
184	65	55.1
184	65	55.2
185	65	55.2
185	65	55.2
185	65	55.2
185	65	55.2
185	65	55.2
185	65	55.2
185	65	55.2
185	65	55.2
185	65	55.2
185	65	55.3
186	65	55.3
186	65	55.3
186	65	55.3
186	65	55.3
186	65	55.3
186	65	55.3
186	65	55.3
186	65	55.3
186	65	55.4
186	65	55.4
187	65	55.4
187	65	55.4
187	65	55.4
187	65	55.4
187	65	55.4
187	65	55.4
187	65	55.4
187	65	55.5
187	65	55.5
187	65	55.5
188	65	55.5
188	65	55.5
188	65	55.5
188	65	55.5
188	65	55.5
188	65	55.5
188	65	55.5
188	65	55.6
188	65	55.6
188	65	55.6
189	65	55.6
189	65	55.6
189	65	55.6
189	65	55.6
189	65	55.6
189	65	55.6
189	65	55.6
189	65	55.6
189	65	55.7
189	65	55.7
190	65	55.7
190	65	55.7
190	65	55.7
190	65	55.7
190	65	55.7
190	65	55.7
190	65	55.7
190	65	55.7
190	65	55.7
190	65	55.7
191	65	55.7
191	65	55.7
191	65	55.7
191	65	55.7
191	65	55.8
191	65	55.8
191	65	55.8
191	65	55.8
191	65	55.8
191	65	55.8
192	65	55.8
192	65	55.8
192	65	55.8
192	65	55.8
192	65	55.8
192	65	55.8
192	65	55.8
192	65	55.8
192	65	55.8
192	65	55.8
193	65	55.8
193	65	55.8
193	65	55.8
193	65	55.8
193	65	55.8
193	65	55.8
193	65	55.8
193	65	55.9
193	65	55.9
193	65	55.9
194	65	55.9
194	65	55.9
194	65	55.9
194	65	55.9
194	65	55.9
194	65	55.9
194	65	55.9
194	65	55.9
194	65	55.9
194	65	55.9
195	65	55.9
195	65	55.9
195	65	55.9
195	65	55.9
195	65	55.9
195	65	55.9
195	65	55.9
195	65	55.9
195	65	55.9
195	65	55.9
196	65	55.9
196	65	56
196	65	56
196	65	56
196	65	56
196	65	56
196	65	56
196	65	56
196	65	56
196	65	56
197	65	56
197	65	56
197	65	56
197	65	56
197	65	56
197	65	56
197	65	56
197	65	56
197	65	56
197	65	56
198	65	56
198	65	56
198	65	56
198	65	56
198	65	56
198	65	56
198	65	56
198	65	56.1
198	65	56.1
198	65	56.1
199	65	56.1
199	65	56.1
199	65	56.1
199	65	56.1
199	65	56.1
199	65	56.1
199	65	56.1
199	65	56.1
199	65	56.1
199	65	56.1
200	65	56.1
200	65	56.1
200	65	56.1
200	65	56.1
200	65	56.1
200	65	56.1
200	65	56.1
200	65	56.1
200	65	56.1
200	65	56.1
201	65	56.1
201	65	56.1
201	65	56.1
201	65	56.1
201	65	56.1
201	65	56.1
201	65	56.1
201	65	56.1
201	65	56.1
201	65	56.2
202	65	56.2
202	65	56.2
202	65	56.2
202	65	56.2
202	65	56.2
202	65	56.2
202	65	56.2
202	65	56.2
202	65	56.2
202	65	56.2
203	65	56.2
203	65	56.2
203	65	56.2
203	65	56.2
203	65	56.2
203	65	56.2
203	65	56.2
203	65	56.2
203	65	56.2
203	65	56.2
204	65	56.2
204	65	56.2
204	65	56.2
204	65	56.2
204	65	56.2
204	65	56.2
204	65	56.2
204	65	56.2
204	65	56.2
204	65	56.2
205	65	56.2
205	65	56.2
205	65	56.2
205	65	56.2
205	65	56.2
205	65	56.2
205	65	56.2
205	65	56.2
205	65	56.2
205	65	56.2
206	65	56.2
206	65	56.2
206	65	56.2
206	65	56.2
206	65	56.2
206	65	56.2
206	65	56.2
206	65	56.2
206	65	56.2
206	65	56.2
207	65	56.2
207	65	56.2
207	65	56.2
207	65	56.2
207	65	56.2
207	65	56.2
207	65	56.2
207	65	56.2
207	65	56.2
207	65	56.2
208	65	56.2
208	65	56.2
208	65	56.2
208	65	56.2
208	65	56.2
208	65	56.2
208	65	56.2
208	65	56.2
208	65	56.2
208	65	56.2
209	65	56.2
209	65	56.2
209	65	56.2
209	65	56.3
209	65	56.3
209	65	56.3
209	65	56.3
209	65	56.3
209	65	56.3
209	65	56.3
210	65	56.3
210	65	56.3
210	65	56.3
210	65	56.3
210	65	56.3
210	65	56.3
210	65	56.3
210	65	56.3
210	65	56.3
210	65	56.3
211	65	56.3
211	65	56.3
211	65	56.3
211	65	56.3
211	65	56.3
211	65	56.3
211	65	56.3
211	65	56.3
211	65	56.3
211	65	56.3
212	65	56.3
212	65	56.3
212	65	56.3
212	65	56.3
212	65	56.3
212	65	56.3
212	65	56.3
212	65	56.3
212	65	56.3
212	65	56.4
213	65	56.4
213	65	56.4
213	65	56.4
213	65	56.4
213	65	56.4
213	65	56.4
213	65	56.4
213	65	56.4
213	65	56.4
213	65	56.4
214	65	56.4
214	65	56.4
214	65	56.4
214	65	56.4
214	65	56.4
214	65	56.4
214	65	56.4
214	65	56.4
214	65	56.4
214	65	56.4
215	65	56.4
215	65	56.4
215	65	56.4
215	65	56.4
215	65	56.5
215	65	56.5
215	65	56.5
215	65	56.5
215	65	56.5
215	65	56.5
216	65	56.5
216	65	56.5
216	65	56.5
216	65	56.5
216	65	56.5
216	65	56.5
216	65	56.5
216	65	56.5
216	65	56.5
216	65	56.5
217	65	56.5
217	65	56.5
217	65	56.6
217	65	56.6
217	65	56.6
217	65	56.6
217	65	56.6
217	65	56.6
217	65	56.6
217	65	56.6
218	65	56.6
218	65	56.6
218	65	56.6
218	65	56.6
218	65	56.6
218	65	56.6
218	65	56.6
218	65	56.6
218	65	56.7
218	65	56.7
219	65	56.7
219	65	56.7
219	65	56.7
219	65	56.7
219	65	56.7
219	65	56.7
219	65	56.7
219	65	56.7
219	65	56.7
219	65	56.7
220	65	56.7
220	65	56.7
220	65	56.7
220	65	56.7
220	65	56.7
220	65	56.7
220	65	56.7
220	65	56.7
220	65	56.7
220	65	56.7
221	65	56.7
221	65	56.7
221	65	56.7
221	65	56.7
221	65	56.7
221	65	56.7
221	65	56.7
221	65	56.7
221	65	56.7
221	65	56.7
222	65	56.7
222	65	56.7
222	65	56.7
222	65	56.7
222	65	56.7
222	65	56.7
222	65	56.7
222	65	56.7
222	65	56.7
222	65	56.7
223	65	56.7
223	65	56.7
223	65	56.7
223	65	56.7
223	65	56.7
223	65	56.7
223	65	56.7
223	65	56.7
223	65	56.7
223	65	56.7
224	65	56.7
224	65	56.7
224	65	56.7
224	65	56.7
224	65	56.7
224	65	56.7
224	65	56.7
224	65	56.7
224	65	56.7
224	65	56.7
225	65	56.6
225	65	56.6
225	65	56.6
225	65	56.6
225	65	56.6
225	65	56.6
225	65	56.6
225	65	56.6
225	65	56.6
225	65	56.6
226	65	56.6
226	65	56.6
226	65	56.6
226	65	56.6
226	65	56.6
226	65	56.6
226	65	56.6
226	65	56.5
226	65	56.5
226	65	56.5
227	65	56.5
227	65	56.5
227	65	56.5
227	65	56.5
227	65	56.5
227	65	56.5
227	65	56.5
227	65	56.5
227	65	56.5
227	65	56.5
228	65	56.5
228	65	56.5
228	65	56.5
228	65	56.5
228	65	56.5
228	65	56.5
228	65	56.4
228	65	56.4
228	65	56.4
228	65	56.4
229	65	56.4
229	65	56.4
229	65	56.4
229	65	56.4
229	65	56.4
229	65	56.4
229	65	56.4
229	65	56.4
229	65	56.4
229	65	56.4
230	65	56.4
230	65	56.4
230	65	56.4
230	65	56.4
230	65	56.4
230	65	56.4
230	65	56.4
230	65	56.4
230	65	56.4
230	65	56.4
231	65	56.4
231	65	56.4
231	65	56.4
231	65	56.4
231	65	56.4
231	65	56.4
231	65	56.4
231	65	56.4
231	65	56.4
231	65	56.4
232	65	56.4
232	65	56.4
232	65	56.4
232	65	56.4
232	65	56.4
232	65	56.4
232	65	56.4
232	65	56.4
232	65	56.4
232	65	56.4
233	65	56.4
233	65	56.4
233	65	56.4
233	65	56.4
233	65	56.4
233	65	56.4
233	65	56.4
233	65	56.4
233	65	56.4
233	65	56.4
234	65	56.4
234	65	56.4
234	65	56.4
234	65	56.4
234	65	56.4
234	65	56.4
234	65	56.4
234	65	56.4
234	65	56.4
234	65	56.4
235	65	56.4
235	65	56.4
235	65	56.4
235	65	56.4
235	65	56.4
235	65	56.4
235	65	56.4
235	65	56.4
235	65	56.4
235	65	56.4
236	65	56.4
236	65	56.4
236	65	56.4
236	65	56.4
236	65	56.4
236	65	56.4
236	65	56.4
236	65	56.4
236	65	56.4
236	65	56.4
237	65	56.4
237	65	56.4
237	65	56.4
237	65	56.4
237	65	56.4
237	65	56.4
237	65	56.4
237	65	56.4
237	65	56.4
237	65	56.4
238	65	56.4
238	65	56.4
238	65	56.4
238	65	56.4
238	65	56.4
238	65	56.4
238	65	56.4
238	65	56.4
238	65	56.4
238	65	56.4
239	65	56.4
239	65	56.4
239	65	56.4
239	65	56.4
239	65	56.4
239	65	56.4
239	65	56.4
239	65	56.4
239	65	56.4
239	65	56.4
240	65	56.4
240	65	56.4
240	65	56.4
240	65	56.4
240	65	56.4
240	65	56.4
240	65	56.4
240	65	56.4
240	65	56.4
240	65	56.4
241	65	56.4
241	65	56.4
241	65	56.4
241	65	56.4
241	65	56.4
241	65	56.4
241	65	56.4
241	65	56.4
241	65	56.4
241	65	56.4
242	65	56.4
242	65	56.4
242	65	56.4
242	65	56.4
242	65	56.4
242	65	56.4
242	65	56.4
242	65	56.4
242	65	56.4
242	65	56.4
243	65	56.4
243	65	56.4
243	65	56.4
243	65	56.4
243	65	56.4
243	65	56.4
243	65	56.4
243	65	56.4
243	65	56.4
243	65	56.4
244	65	56.4
244	65	56.4
244	65	56.5
244	65	56.5
244	65	56.5
244	65	56.5
244	65	56.5
244	65	56.5
244	65	56.5
244	65	56.5
245	65	56.5
245	65	56.5
245	65	56.5
245	65	56.5
245	65	56.5
245	65	56.5
245	65	56.5
245	65	56.5
245	65	56.5
245	65	56.5
246	65	56.5
246	65	56.5
246	65	56.5
246	65	56.5
246	65	56.5
246	65	56.5
246	65	56.5
246	65	56.5
246	65	56.5
246	65	56.5
247	65	56.5
247	65	56.5
247	65	56.5
247	65	56.5
247	65	56.5
247	65	56.5
247	65	56.5
247	65	56.6
247	65	56.6
247	65	56.6
248	65	56.6
248	65	56.6
248	65	56.6
248	65	56.6
248	65	56.6
248	65	56.6
248	65	56.6
248	65	56.6
248	65	56.6
248	65	56.6
249	65	56.6
249	65	56.6
249	65	56.6
249	65	56.6
249	65	56.6
249	65	56.6
249	65	56.6
249	65	56.6
249	65	56.6
249	65	56.6
250	65	56.6
250	65	56.6
250	65	56.6
250	65	56.6
250	65	56.7
250	65	56.7
250	65	56.7
250	65	56.7
250	65	56.7
250	65	56.7
251	65	56.7
251	65	56.7
251	65	56.7
251	65	56.7
251	65	56.7
251	65	56.7
251	65	56.7
251	65	56.7
251	65	56.7
251	65	56.7
252	65	56.7
252	65	56.7
252	65	56.7
252	65	56.7
252	65	56.7
252	65	56.7
252	65	56.7
252	65	56.7
252	65	56.7
252	65	56.7
253	65	56.7
253	65	56.7
253	65	56.7
253	65	56.7
253	65	56.7
253	65	56.7
253	65	56.7
253	65	56.7
253	65	56.7
253	65	56.7
254	65	56.7
254	65	56.8
254	65	56.8
254	65	56.8
254	65	56.8
254	65	56.8
254	65	56.8
254	65	56.8
254	65	56.8
254	65	56.8
255	65	56.8
255	65	56.8
255	65	56.8
255	65	56.8
255	65	56.8
255	65	56.8
255	65	56.8
255	65	56.8
255	65	56.8
255	65	56.8
256	65	56.8
256	65	56.8
256	65	56.8
256	65	56.8
256	65	56.8
256	65	56.8
256	65	56.8
256	65	56.8
256	65	56.8
256	65	56.8
257	65	56.8
257	65	56.8
257	65	56.8
257	65	56.8
257	65	56.8
257	65	56.8
257	65	56.8
257	65	56.8
257	65	56.8
257	65	56.8
258	65	56.8
258	65	56.8
258	65	56.8
258	65	56.8
258	65	56.8
258	65	56.8
258	65	56.8
258	65	56.8
258	65	56.8
258	65	56.8
259	65	56.8
259	65	56.8
259	65	56.8
259	65	56.8
259	65	56.8
259	65	56.8
259	65	56.8
259	65	56.8
259	65	56.8
259	65	56.8
260	65	56.8
260	65	56.8
260	65	56.8
260	65	56.8
260	65	56.8
260	65	56.8
260	65	56.8
260	65	56.8
260	65	56.7
260	65	56.7
261	65	56.7
261	65	56.7
261	65	56.7
261	65	56.7
261	65	56.7
261	65	56.7
261	65	56.7
261	65	56.7
261	65	56.7
261	65	56.7
262	65	56.7
262	65	56.7
262	65	56.7
262	65	56.7
262	65	56.7
262	65	56.7
262	65	56.7
262	65	56.7
262	65	56.7
262	65	56.7
263	65	56.7
263	65	56.7
263	65	56.7
263	65	56.7
263	65	56.7
263	65	56.7
263	65	56.7
263	65	56.7
263	65	56.7
263	65	56.7
264	65	56.7
264	65	56.7
264	65	56.7
264	65	56.7
264	65	56.7
264	65	56.8
264	65	56.8
264	65	56.8
264	65	56.8
264	65	56.8
265	65	56.8
265	65	56.8
265	65	56.8
265	65	56.8
265	65	56.8
265	65	56.8
265	65	56.8
265	65	56.8
265	65	56.8
265	65	56.9
266	65	56.9
266	65	56.9
266	65	56.9
266	65	56.9
266	65	56.9
266	65	56.9
266	65	56.9
266	65	56.9
266	65	56.9
266	65	57
267	65	57
267	65	57
267	65	57
267	65	57
267	65	57
267	65	57
267	65	57
267	65	57
267	65	57.1
267	65	57.1
268	65	57.1
268	65	57.1
268	65	57.1
268	65	57.1
268	65	57.1
268	65	57.1
268	65	57.1
268	65	57.1
268	65	57.1
268	65	57.2
269	65	57.2
269	65	57.2
269	65	57.2
269	65	57.2
269	65	57.2
269	65	57.2
269	65	57.2
269	65	57.2
269	65	57.2
269	65	57.2
270	65	57.2
270	65	57.2
270	65	57.2
270	65	57.2
270	65	57.2
270	65	57.2
270	65	57.3
270	65	57.3
270	65	57.3
270	65	57.3
271	65	57.3
271	65	57.3
271	65	57.3
271	65	57.3
271	65	57.3
271	65	57.3
271	65	57.3
271	65	57.3
271	65	57.3
271	65	57.3
272	65	57.3
272	65	57.3
272	65	57.3
272	65	57.3
272	65	57.3
272	65	57.3
272	65	57.3
272	65	57.3
272	65	57.3
272	65	57.3
273	65	57.3
273	65	57.3
273	65	57.3
273	65	57.3
273	65	57.3
273	65	57.3
273	65	57.3
273	65	57.3
273	65	57.3
273	65	57.3
274	65	57.3
274	65	57.3
274	65	57.3
274	65	57.3
274	65	57.3
274	65	57.3
274	65	57.3
274	65	57.3
274	65	57.4
274	65	57.4
275	65	57.4
275	65	57.4
275	65	57.4
275	65	57.4
275	65	57.4
275	65	57.4
275	65	57.4
275	65	57.4
275	65	57.4
275	65	57.4
276	65	57.4
276	65	57.4
276	65	57.4
276	65	57.4
276	65	57.4
276	65	57.4
276	65	57.4
276	65	57.4
276	65	57.4
276	65	57.4
277	65	57.4
277	65	57.4
277	65	57.4
277	65	57.4
277	65	57.4
277	65	57.4
277	65	57.4
277	65	57.4
277	65	57.4
277	65	57.4
278	65	57.4
278	65	57.4
278	65	57.4
278	65	57.4
278	65	57.4
278	65	57.4
278	65	57.4
278	65	57.4
278	65	57.4
278	65	57.4
279	65	57.4
279	65	57.4
279	65	57.4
279	65	57.4
279	65	57.4
279	65	57.4
279	65	57.4
279	65	57.4
279	65	57.4
279	65	57.4
280	65	57.4
280	65	57.4
280	65	57.4
280	65	57.4
280	65	57.4
280	65	57.4
280	65	57.4
280	65	57.4
280	65	57.4
280	65	57.4
281	65	57.4
281	65	57.4
281	65	57.4
281	65	57.4
281	65	57.4
281	65	57.4
281	65	57.4
281	65	57.4
281	65	57.4
281	65	57.4
282	65	57.4
282	65	57.4
282	65	57.4
282	65	57.4
282	65	57.4
282	65	57.4
282	65	57.4
282	65	57.4
282	65	57.4
282	65	57.4
283	65	57.4
283	65	57.4
283	65	57.4
283	65	57.4
283	65	57.4
283	65	57.4
283	65	57.4
283	65	57.4
283	65	57.4
283	65	57.4
284	65	57.4
284	65	57.4
284	65	57.4
284	65	57.4
284	65	57.4
284	65	57.4
284	65	57.4
284	65	57.4
284	65	57.4
284	65	57.4
285	65	57.4
285	65	57.4
285	65	57.4
285	65	57.4
285	65	57.4
285	65	57.4
285	65	57.4
285	65	57.4
285	65	57.4
285	65	57.4
286	65	57.4
286	65	57.4
286	65	57.4
286	65	57.4
286	65	57.4
286	65	57.4
286	65	57.4
286	65	57.4
286	65	57.4
286	65	57.4
287	65	57.4
287	65	57.4
287	65	57.4
287	65	57.4
287	65	57.4
287	65	57.4
287	65	57.4
287	65	57.4
287	65	57.4
287	65	57.4
288	65	57.4
288	65	57.4
288	65	57.4
288	65	57.4
288	65	57.4
288	65	57.4
288	65	57.4
288	65	57.4
288	65	57.4
288	65	57.4
289	65	57.4
289	65	57.4
289	65	57.4
289	65	57.4
289	65	57.4
289	65	57.4
289	65	57.4
289	65	57.4
289	65	57.4
289	65	57.4
290	65	57.4
290	65	57.4
290	65	57.4
290	65	57.4
290	65	57.4
290	65	57.4
290	65	57.4
290	65	57.4
290	65	57.4
290	65	57.4
291	65	57.4
291	65	57.4
291	65	57.4
291	65	57.4
291	65	57.4
291	65	57.4
291	65	57.4
291	65	57.4
291	65	57.4
291	65	57.4
292	65	57.4
292	65	57.4
292	65	57.4
292	65	57.4
292	65	57.4
292	65	57.4
292	65	57.4
292	65	57.4
292	65	57.4
292	65	57.4
293	65	57.4
293	65	57.4
293	65	57.4
293	65	57.4
293	65	57.4
293	65	57.4
293	65	57.4
293	65	57.4
293	65	57.4
293	65	57.4
294	65	57.4
294	65	57.4
294	65	57.4
294	65	57.4
294	65	57.4
294	65	57.4
294	65	57.4
294	65	57.4
294	65	57.4
294	65	57.4
295	65	57.4
295	65	57.4
295	65	57.4
295	65	57.4
295	65	57.4
295	65	57.4
295	65	57.4
295	65	57.4
295	65	57.4
295	65	57.4
296	65	57.4
296	65	57.4
296	65	57.4
296	65	57.4
296	65	57.4
296	65	57.4
296	65	57.4
296	65	57.4
296	65	57.4
296	65	57.4
297	65	57.4
297	65	57.4
297	65	57.4
297	65	57.4
297	65	57.4
297	65	57.4
297	65	57.4
297	65	57.4
297	65	57.4
297	65	57.4
298	65	57.4
298	65	57.4
298	65	57.4
298	65	57.4
298	65	57.4
298	65	57.4
298	65	57.4
298	65	57.4
298	65	57.4
298	65	57.4
299	65	57.4
299	65	57.4
299	65	57.4
299	65	57.4
299	65	57.4
299	65	57.4
299	65	57.4
299	65	57.4
299	65	57.4
299	65	57.4
300	65	57.4
300	65	57.4
300	65	57.4
300	65	57.4
300	65	57.4
300	65	57.4
300	65	57.4
300	65	57.4
300	65	57.4
300	65	57.4
301	65	57.4
301	65	57.4
301	65	57.4
301	65	57.4
301	65	57.4
301	65	57.4
301	65	57.4
301	65	57.4
301	65	57.4
301	65	57.4
302	65	57.4
302	65	57.4
302	65	57.4
302	65	57.4
302	65	57.4
302	65	57.4
302	65	57.4
302	65	57.4
302	65	57.4
302	65	57.4
303	65	57.4
303	65	57.4
303	65	57.4
303	65	57.4
303	65	57.4
303	65	57.4
303	65	57.4
303	65	57.4
303	65	57.4
303	65	57.5
304	65	57.5
304	65	57.5
304	65	57.5
304	65	57.5
304	65	57.5
304	65	57.5
304	65	57.5
304	65	57.5
304	65	57.5
304	65	57.5
305	65	57.5
305	65	57.5
305	65	57.5
305	65	57.5
305	65	57.5
305	65	57.5
305	65	57.5
305	65	57.5
305	65	57.5
305	65	57.5
306	65	57.5
306	65	57.5
306	65	57.5
306	65	57.5
306	65	57.5
306	65	57.5
306	65	57.5
306	65	57.5
306	65	57.5
306	65	57.5
307	65	57.5
307	65	57.5
307	65	57.5
307	65	57.5
307	65	57.5
307	65	57.5
307	65	57.5
307	65	57.5
307	65	57.5
307	65	57.5
308	65	57.5
308	65	57.5
308	65	57.5
308	65	57.5
308	65	57.5
308	65	57.5
308	65	57.5
308	65	57.5
308	65	57.5
308	65	57.5
309	65	57.5
309	65	57.5
309	65	57.5
309	65	57.5
309	65	57.5
309	65	57.5
309	65	57.5
309	65	57.5
309	65	57.5
309	65	57.5
310	65	57.5
310	65	57.5
310	65	57.5
310	65	57.5
310	65	57.5
310	65	57.5
310	65	57.5
310	65	57.5
310	65	57.5
310	65	57.5
311	65	57.5
311	65	57.5
311	65	57.5
311	65	57.5
311	65	57.5
311	65	57.5
311	65	57.5
311	65	57.5
311	65	57.5
311	65	57.5
312	65	57.5
312	65	57.5
312	65	57.5
312	65	57.5
312	65	57.5
312	65	57.5
312	65	57.5
312	65	57.5
312	65	57.5
312	65	57.5
313	65	57.5
313	65	57.6
313	65	57.6
313	65	57.6
313	65	57.6
313	65	57.6
313	65	57.6
313	65	57.6
313	65	57.6
313	65	57.6
314	65	57.6
314	65	57.6
314	65	57.6
314	65	57.6
314	65	57.6
314	65	57.6
314	65	57.6
314	65	57.6
314	65	57.6
314	65	57.6
315	65	57.6
315	65	57.6
315	65	57.6
315	65	57.6
315	65	57.6
315	65	57.6
315	65	57.6
315	65	57.6
315	65	57.6
315	65	57.6
316	65	57.6
316	65	57.6
316	65	57.6
316	65	57.6
316	65	57.6
316	65	57.6
316	65	57.6
316	65	57.6
316	65	57.6
316	65	57.6
317	65	57.6
317	65	57.6
317	65	57.6
317	65	57.6
317	65	57.6
317	65	57.6
317	65	57.6
317	65	57.7
317	65	57.7
317	65	57.7
318	65	57.7
318	65	57.7
318	65	57.7
318	65	57.7
318	65	57.7
318	65	57.7
318	65	57.7
318	65	57.7
318	65	57.7
318	65	57.7
319	65	57.7
319	65	57.7
319	65	57.7
319	65	57.7
319	65	57.7
319	65	57.7
319	65	57.7
319	65	57.7
319	65	57.7
319	65	57.7
320	65	57.7
320	65	57.7
320	65	57.7
320	65	57.7
320	65	57.7
320	65	57.7
320	65	57.7
320	65	57.7
320	65	57.7
320	65	57.7
321	65	57.7
321	65	57.7
321	65	57.7
321	65	57.7
321	65	57.7
321	65	57.7
321	65	57.7
321	65	57.7
321	65	57.7
321	65	57.7
322	65	57.7
322	65	57.7
322	65	57.7
322	65	57.7
322	65	57.7
322	65	57.7
322	65	57.7
322	65	57.7
322	65	57.7
322	65	57.7
323	65	57.7
323	65	57.7
323	65	57.7
323	65	57.7
323	65	57.7
323	65	57.7
323	65	57.7
323	65	57.7
323	65	57.7
323	65	57.7
324	65	57.7
324	65	57.7
324	65	57.7
324	65	57.7
324	65	57.7
324	65	57.7
324	65	57.7
324	65	57.7
324	65	57.7
324	65	57.7
325	65	57.7
325	65	57.7
325	65	57.7
325	65	57.7
325	65	57.7
325	65	57.7
325	65	57.7
325	65	57.7
325	65	57.7
325	65	57.7
326	65	57.7
326	65	57.7
326	65	57.7
326	65	57.7
326	65	57.7
326	65	57.7
326	65	57.7
326	65	57.6
326	65	57.6
326	65	57.6
327	65	57.6
327	65	57.6
327	65	57.6
327	65	57.6
327	65	57.6
327	65	57.6
327	65	57.6
327	65	57.6
327	65	57.6
327	65	57.6
328	65	57.6
328	65	57.6
328	65	57.6
328	65	57.6
328	65	57.6
328	65	57.6
328	65	57.6
328	65	57.6
328	65	57.5
328	65	57.5
329	65	57.5
329	65	57.5
329	65	57.5
329	65	57.5
329	65	57.5
329	65	57.5
329	65	57.5
329	65	57.5
329	65	57.5
329	65	57.5
330	65	57.5
330	65	57.5
330	65	57.5
330	65	57.5
330	65	57.4
330	65	57.4
330	65	57.4
330	65	57.4
330	65	57.4
330	65	57.4
331	65	57.4
331	65	57.4
331	65	57.4
331	65	57.4
331	65	57.4
331	65	57.4
331	65	57.4
331	65	57.4
331	65	57.4
331	65	57.4
332	65	57.4
332	65	57.4
332	65	57.4
332	65	57.3
332	65	57.3
332	65	57.3
332	65	57.3
332	65	57.3
332	65	57.3
332	65	57.3
333	65	57.3
333	65	57.3
333	65	57.3
333	65	57.3
333	65	57.3
333	65	57.3
333	65	57.3
333	65	57.3
333	65	57.3
333	65	57.3
334	65	57.3
334	65	57.3
334	65	57.3
334	65	57.3
334	65	57.3
334	65	57.3
334	65	57.3
334	65	57.3
334	65	57.3
334	65	57.3
335	65	57.3
335	65	57.3
335	65	57.3
335	65	57.3
335	65	57.3
335	65	57.3
335	65	57.3
335	65	57.3
335	65	57.3
335	65	57.3
336	65	57.3
336	65	57.3
336	65	57.3
336	65	57.3
336	65	57.3
336	65	57.3
336	65	57.3
336	65	57.3
336	65	57.3
336	65	57.3
337	65	57.3
337	65	57.3
337	65	57.3
337	65	57.3
337	65	57.3
337	65	57.3
337	65	57.3
337	65	57.3
337	65	57.3
337	65	57.3
338	65	57.3
338	65	57.3
338	65	57.3
338	65	57.3
338	65	57.3
338	65	57.3
338	65	57.3
338	65	57.3
338	65	57.3
338	65	57.3
339	65	57.3
339	65	57.3
339	65	57.3
339	65	57.3
339	65	57.3
339	65	57.3
339	65	57.3
339	65	57.3
339	65	57.4
339	65	57.4
340	65	57.4
340	65	57.4
340	65	57.4
340	65	57.4
340	65	57.4
340	65	57.4
340	65	57.4
340	65	57.4
340	65	57.4
340	65	57.4
341	65	57.4
341	65	57.4
341	65	57.4
341	65	57.4
341	65	57.4
341	65	57.4
341	65	57.4
341	65	57.4
341	65	57.4
341	65	57.4
342	65	57.4
342	65	57.4
342	65	57.4
342	65	57.4
342	65	57.4
342	65	57.4
342	65	57.4
342	65	57.4
342	65	57.4
342	65	57.4
343	65	57.4
343	65	57.4
343	65	57.4
343	65	57.4
343	65	57.4
343	65	57.4
343	65	57.4
343	65	57.4
343	65	57.4
343	65	57.4
344	65	57.4
344	65	57.4
344	65	57.4
344	65	57.4
344	65	57.4
344	65	57.4
344	65	57.4
344	65	57.4
344	65	57.4
344	65	57.4
345	65	57.4
345	65	57.4
345	65	57.4
345	65	57.4
345	65	57.4
345	65	57.4
345	65	57.4
345	65	57.4
345	65	57.4
345	65	57.4
346	65	57.4
346	65	57.4
346	65	57.4
346	65	57.4
346	65	57.4
346	65	57.4
346	65	57.4
346	65	57.4
346	65	57.4
346	65	57.4
347	65	57.4
347	65	57.4
347	65	57.4
347	65	57.4
347	65	57.4
347	65	57.4
347	65	57.4
347	65	57.4
347	65	57.4
347	65	57.4
348	65	57.4
348	65	57.4
348	65	57.4
348	65	57.3
348	65	57.3
348	65	57.3
348	65	57.3
348	65	57.3
348	65	57.3
348	65	57.3
349	65	57.3
349	65	57.3
349	65	57.3
349	65	57.3
349	65	57.3
349	65	57.3
349	65	57.3
349	65	57.3
349	65	57.3
349	65	57.3
350	65	57.3
350	65	57.3
350	65	57.3
350	65	57.3
350	65	57.3
350	65	57.3
350	65	57.3
350	65	57.3
350	65	57.3
350	65	57.3
351	65	57.3
351	65	57.3
351	65	57.3
351	65	57.3
351	65	57.3
351	65	57.3
351	65	57.3
351	65	57.3
351	65	57.3
351	65	57.3
352	65	57.3
352	65	57.3
352	65	57.3
352	65	57.3
352	65	57.3
352	65	57.3
352	65	57.3
352	65	57.3
352	65	57.3
352	65	57.3
353	65	57.3
353	65	57.3
353	65	57.4
353	65	57.4
353	65	57.4
353	65	57.4
353	65	57.4
353	65	57.4
353	65	57.4
353	65	57.4
354	65	57.4
354	65	57.4
354	65	57.4
354	65	57.4
354	65	57.4
354	65	57.4
354	65	57.5
354	65	57.5
354	65	57.5
354	65	57.5
355	65	57.5
355	65	57.5
355	65	57.5
355	65	57.5
355	65	57.5
355	65	57.5
355	65	57.5
355	65	57.6
355	65	57.6
355	65	57.6
356	65	57.6
356	65	57.6
356	65	57.6
356	65	57.6
356	65	57.6
356	65	57.6
356	65	57.6
356	65	57.6
356	65	57.7
356	65	57.7
357	65	57.7
357	65	57.7
357	65	57.7
357	65	57.7
357	65	57.7
357	65	57.7
357	65	57.7
357	65	57.7
357	65	57.7
357	65	57.7
358	65	57.8
358	65	57.8
358	65	57.8
358	65	57.8
358	65	57.8
358	65	57.8
358	65	57.8
358	65	57.8
358	65	57.8
358	65	57.8
359	65	57.8
359	65	57.8
359	65	57.8
359	65	57.8
359	65	57.8
359	65	57.8
359	65	57.8
359	65	57.8
359	65	57.8
359	65	57.8
360	65	57.8
360	65	57.9
360	65	57.9
360	65	57.9
360	65	57.9
360	65	57.9
360	65	57.9
360	65	57.9
360	65	57.9
360	65	57.9
361	65	57.9
361	65	57.9
361	65	57.9
361	65	57.9
361	65	57.9
361	65	57.9
361	65	57.9
361	65	57.9
361	65	57.9
361	65	57.9
362	65	57.9
362	65	57.9
362	65	57.9
362	65	57.9
362	65	57.9
362	65	57.9
362	65	57.9
362	65	57.9
362	65	57.9
362	65	57.9
363	65	57.9
363	65	57.9
363	65	57.9
363	65	57.9
363	65	57.9
363	65	57.9
363	65	57.9
363	65	57.9
363	65	57.9
363	65	57.9
364	65	57.9
364	65	57.9
364	65	57.9
364	65	57.9
364	65	57.9
364	65	57.9
364	65	57.9
364	65	57.9
364	65	57.9
364	65	57.9
365	65	57.8
365	65	57.8
365	65	57.8
365	65	57.8
365	65	57.8
365	65	57.8
365	65	57.8
365	65	57.8
365	65	57.8
365	65	57.8
366	65	57.8
366	65	57.8
366	65	57.8
366	65	57.8
366	65	57.8
366	65	57.8
366	65	57.8
366	65	57.8
366	65	57.8
366	65	57.8
367	65	57.8
367	65	57.8
367	65	57.8
367	65	57.8
367	65	57.8
367	65	57.8
367	65	57.8
367	65	57.8
367	65	57.8
367	65	57.8
368	65	57.9
368	65	57.9
368	65	57.9
368	65	57.9
368	65	57.9
368	65	57.9
368	65	57.9
368	65	57.9
368	65	57.9
368	65	57.9
369	65	57.9
369	65	57.9
369	65	57.9
369	65	57.9
369	65	57.9
369	65	57.9
369	65	57.9
369	65	57.9
369	65	57.9
369	65	57.9
370	65	57.9
370	65	57.9
370	65	57.9
370	65	57.9
370	65	57.9
370	65	57.9
370	65	57.9
370	65	57.9
370	65	57.9
370	65	57.9
371	65	57.9
371	65	57.9
371	65	58
371	65	58
371	65	58
371	65	58
371	65	58
371	65	58
371	65	58
371	65	58
372	65	58
372	65	58
372	65	58
372	65	58
372	65	58
372	65	58
372	65	58
372	65	58
372	65	58
372	65	58
373	65	58
373	65	58
373	65	58
373	65	58
373	65	58
373	65	58
373	65	58
373	65	58
373	65	58
373	65	58
374	65	58
374	65	58
374	65	58
374	65	58
374	65	58
374	65	58
374	65	58
374	65	58
374	65	58
374	65	58
375	65	57.9
375	65	57.9
375	65	57.9
375	65	57.9
375	65	57.9
375	65	57.9
375	65	57.9
375	65	57.9
375	65	57.9
375	65	57.9
376	65	57.9
376	65	57.9
376	65	57.8
376	65	57.8
376	65	57.8
376	65	57.8
376	65	57.8
376	65	57.8
376	65	57.8
376	65	57.8
377	65	57.8
377	65	57.8
377	65	57.8
377	65	57.7
377	65	57.7
377	65	57.7
377	65	57.7
377	65	57.7
377	65	57.7
377	65	57.7
378	65	57.7
378	65	57.7
378	65	57.7
378	65	57.7
378	65	57.6
378	65	57.6
378	65	57.6
378	65	57.6
378	65	57.6
378	65	57.6
379	65	57.6
379	65	57.6
379	65	57.6
379	65	57.6
379	65	57.6
379	65	57.6
379	65	57.6
379	65	57.6
379	65	57.6
379	65	57.5
380	65	57.5
380	65	57.5
380	65	57.5
380	65	57.5
380	65	57.5
380	65	57.5
380	65	57.5
380	65	57.5
380	65	57.5
380	65	57.5
381	65	57.5
381	65	57.5
381	65	57.5
381	65	57.5
381	65	57.5
381	65	57.5
381	65	57.5
381	65	57.5
381	65	57.5
381	65	57.5
382	65	57.5
382	65	57.5
382	65	57.5
382	65	57.5
382	65	57.5
382	65	57.5
382	65	57.5
382	65	57.5
382	65	57.5
382	65	57.5
383	65	57.5
383	65	57.5
383	65	57.5
383	65	57.5
383	65	57.5
383	65	57.5
383	65	57.5
383	65	57.5
383	65	57.5
383	65	57.5
384	65	57.5
384	65	57.5
384	65	57.5
384	65	57.5
384	65	57.5
384	65	57.5
384	65	57.5
384	65	57.5
384	65	57.5
384	65	57.5
385	65	57.5
385	65	57.5
385	65	57.5
385	65	57.5
385	65	57.5
385	65	57.5
385	65	57.5
385	65	57.5
385	65	57.5
385	65	57.5
386	65	57.5
386	65	57.5
386	65	57.5
386	65	57.5
386	65	57.5
386	65	57.5
386	65	57.5
386	65	57.5
386	65	57.5
386	65	57.5
387	65	57.5
387	65	57.5
387	65	57.5
387	65	57.5
387	65	57.5
387	65	57.5
387	65	57.5
387	65	57.5
387	65	57.5
387	65	57.5
388	65	57.5
388	65	57.5
388	65	57.5
388	65	57.5
388	65	57.5
388	65	57.5
388	65	57.5
388	65	57.5
388	65	57.5
388	65	57.5
389	65	57.5
389	65	57.5
389	65	57.5
389	65	57.5
389	65	57.5
389	65	57.5
389	65	57.5
389	65	57.5
389	65	57.5
389	65	57.5
390	65	57.5
390	65	57.5
390	65	57.5
390	65	57.5
390	65	57.5
390	65	57.5
390	65	57.5
390	65	57.4
390	65	57.4
390	65	57.4
391	65	57.4
391	65	57.4
391	65	57.4
391	65	57.4
391	65	57.4
391	65	57.4
391	65	57.4
391	65	57.4
391	65	57.4
391	65	57.4
392	65	57.4
392	65	57.4
392	65	57.4
392	65	57.4
392	65	57.4
392	65	57.4
392	65	57.4
392	65	57.4
392	65	57.4
392	65	57.4
393	65	57.4
393	65	57.4
393	65	57.4
393	65	57.4
393	65	57.4
393	65	57.4
393	65	57.4
393	65	57.4
393	65	57.4
393	65	57.4
394	65	57.4
394	65	57.4
394	65	57.4
394	65	57.4
394	65	57.4
394	65	57.4
394	65	57.4
394	65	57.4
394	65	57.4
394	65	57.4
395	65	57.4
395	65	57.4
395	65	57.4
395	65	57.4
395	65	57.5
395	65	57.5
395	65	57.5
395	65	57.5
395	65	57.5
395	65	57.5
396	65	57.5
396	65	57.5
396	65	57.5
396	65	57.5
396	65	57.5
396	65	57.5
396	65	57.6
396	65	57.6
396	65	57.6
396	65	57.6
397	65	57.6
397	65	57.6
397	65	57.6
397	65	57.6
397	65	57.6
397	65	57.7
397	65	57.7
397	65	57.7
397	65	57.7
397	65	57.7
398	65	57.7
398	65	57.7
398	65	57.7
398	65	57.7
398	65	57.7
398	65	57.7
398	65	57.8
398	65	57.8
398	65	57.8
398	65	57.8
399	65	57.8
399	65	57.8
399	65	57.8
399	65	57.8
399	65	57.8
399	65	57.8
399	65	57.8
399	65	57.8
399	65	57.8
399	65	57.8
400	65	57.8
400	65	57.8
400	65	57.9
400	65	57.9
400	65	57.9
400	65	57.9
400	65	57.9
400	65	57.9
400	65	57.9
400	65	57.9
401	65	57.9
401	65	57.9
401	65	57.9
401	65	57.9
401	65	57.9
401	65	57.9
401	65	57.9
401	65	57.9
401	65	57.9
401	65	57.9
402	65	57.9
402	65	57.9
402	65	57.9
402	65	57.9
402	65	57.9
402	65	57.9
402	65	57.9
402	65	57.9
402	65	57.9
402	65	57.9
403	65	57.9
403	65	57.9
403	65	57.9
403	65	57.9
403	65	57.9
403	65	57.9
403	65	57.9
403	65	57.9
403	65	57.9
403	65	57.9
404	65	57.9
404	65	57.9
404	65	57.9
404	65	57.9
404	65	57.9
404	65	57.9
404	65	57.9
404	65	57.9
404	65	57.9
404	65	57.9
405	65	57.9
405	65	57.9
405	65	57.9
405	65	57.9
405	65	57.9
405	65	57.9
405	65	57.9
405	65	57.9
405	65	57.9
405	65	57.9
406	65	57.9
406	65	57.9
406	65	57.9
406	65	57.9
406	65	57.9
406	65	57.9
406	65	57.9
406	65	57.9
406	65	57.9
406	65	57.9
407	65	57.9
407	65	57.9
407	65	57.9
407	65	57.9
407	65	57.9
407	65	57.9
407	65	58
407	65	58
407	65	58
407	65	58
408	65	58
408	65	58
408	65	58
408	65	58
408	65	58
408	65	58
408	65	58
408	65	58
408	65	58
408	65	58
409	65	58
409	65	58
409	65	58
409	65	58
409	65	58
409	65	58
409	65	58
409	65	58
409	65	58
409	65	58
410	65	58
410	65	58
410	65	58
410	65	58
410	65	58
410	65	58
410	65	58.1
410	65	58.1
410	65	58.1
410	65	58.1
411	65	58.1
411	65	58.1
411	65	58.1
411	65	58.1
411	65	58.1
411	65	58.1
411	65	58.1
411	65	58.1
411	65	58.1
411	65	58.1
412	65	58.1
412	65	58
412	65	58
412	65	58
412	65	58
412	65	58
412	65	58
412	65	58
412	65	58
412	65	58
413	65	58
413	65	57.9
413	65	57.9
413	65	57.9
413	65	57.9
413	65	57.9
413	65	57.9
413	65	57.9
413	65	57.9
413	65	57.8
414	65	57.8
414	65	57.8
414	65	57.8
414	65	57.8
414	65	57.8
414	65	57.8
414	65	57.8
414	65	57.8
414	65	57.7
414	65	57.7
415	65	57.7
415	65	57.7
415	65	57.7
415	65	57.7
415	65	57.7
415	65	57.7
415	65	57.7
415	65	57.7
415	65	57.7
415	65	57.7
416	65	57.6
416	65	57.6
416	65	57.6
416	65	57.6
416	65	57.6
416	65	57.6
416	65	57.6
416	65	57.6
416	65	57.6
416	65	57.6
417	65	57.6
417	65	57.6
417	65	57.6
417	65	57.6
417	65	57.6
417	65	57.6
417	65	57.6
417	65	57.6
417	65	57.6
417	65	57.6
418	65	57.6
418	65	57.6
418	65	57.6
418	65	57.6
418	65	57.6
418	65	57.6
418	65	57.6
418	65	57.6
418	65	57.6
418	65	57.6
419	65	57.6
419	65	57.6
419	65	57.6
419	65	57.6
419	65	57.6
419	65	57.6
419	65	57.6
419	65	57.6
419	65	57.6
419	65	57.6
420	65	57.6
420	65	57.6
420	65	57.6
420	65	57.6
420	65	57.6
420	65	57.6
420	65	57.6
420	65	57.6
420	65	57.6
420	65	57.6
421	65	57.6
421	65	57.5
421	65	57.5
421	65	57.5
421	65	57.5
421	65	57.5
421	65	57.5
421	65	57.5
421	65	57.5
421	65	57.5
422	65	57.5
422	65	57.5
422	65	57.5
422	65	57.5
422	65	57.5
422	65	57.5
422	65	57.5
422	65	57.5
422	65	57.5
422	65	57.5
423	65	57.5
423	65	57.5
423	65	57.5
423	65	57.5
423	65	57.5
423	65	57.5
423	65	57.5
423	65	57.5
423	65	57.5
423	65	57.5
424	65	57.5
424	65	57.5
424	65	57.5
424	65	57.5
424	65	57.5
424	65	57.5
424	65	57.6
424	65	57.6
424	65	57.6
424	65	57.6
425	65	57.6
425	65	57.6
425	65	57.6
425	65	57.6
425	65	57.6
425	65	57.7
425	65	57.7
425	65	57.7
425	65	57.7
425	65	57.7
426	65	57.7
426	65	57.7
426	65	57.7
426	65	57.8
426	65	57.8
426	65	57.8
426	65	57.8
426	65	57.8
426	65	57.8
426	65	57.8
427	65	57.8
427	65	57.9
427	65	57.9
427	65	57.9
427	65	57.9
427	65	57.9
427	65	57.9
427	65	57.9
427	65	57.9
427	65	57.9
428	65	57.9
428	65	57.9
428	65	57.9
428	65	57.9
428	65	57.9
428	65	57.9
428	65	57.9
428	65	57.9
428	65	57.9
428	65	58
429	65	58
429	65	58
429	65	58
429	65	58
429	65	58
429	65	58
429	65	58
429	65	58
429	65	58
429	65	58
430	65	58
430	65	58
430	65	58
430	65	58
430	65	58
430	65	58
430	65	58
430	65	58
430	65	58
430	65	58
431	65	58
431	65	58
431	65	58
431	65	58
431	65	58
431	65	58
431	65	58
431	65	58
431	65	58
431	65	58
432	65	58
432	65	58
432	65	58
432	65	58
432	65	58
432	65	58
432	65	58
432	65	58
432	65	58
432	65	58
433	65	58
433	65	58
433	65	58
433	65	58
433	65	58
433	65	58
433	65	58
433	65	58
433	65	58
433	65	58
434	65	58
434	65	58
434	65	58
434	65	58
434	65	58
434	65	58
434	65	58
434	65	58
434	65	58
434	65	58
435	65	58
435	65	58
435	65	58
435	65	58
435	65	58
435	65	58
435	65	58
435	65	58
435	65	58.1
435	65	58.1
436	65	58.1
436	65	58.1
436	65	58.1
436	65	58.1
436	65	58.1
436	65	58.1
436	65	58.1
436	65	58.1
436	65	58.1
436	65	58.1
437	65	58
437	65	58
437	65	58
437	65	58
437	65	58
437	65	58
437	65	58
437	65	58
437	65	58
437	65	58
438	65	58
438	65	58
438	65	58
438	65	58
438	65	58
438	65	58
438	65	57.9
438	65	57.9
438	65	57.9
438	65	57.9
439	65	57.9
439	65	57.9
439	65	57.9
439	65	57.9
439	65	57.8
439	65	57.8
439	65	57.8
439	65	57.8
439	65	57.8
439	65	57.8
440	65	57.8
440	65	57.8
440	65	57.8
440	65	57.8
440	65	57.7
440	65	57.7
440	65	57.7
440	65	57.7
440	65	57.7
440	65	57.7
441	65	57.7
441	65	57.7
441	65	57.7
441	65	57.7
441	65	57.7
441	65	57.7
441	65	57.6
441	65	57.6
441	65	57.6
441	65	57.6
442	65	57.6
442	65	57.6
442	65	57.6
442	65	57.6
442	65	57.6
442	65	57.6
442	65	57.6
442	65	57.6
442	65	57.6
442	65	57.6
443	65	57.6
443	65	57.6
443	65	57.6
443	65	57.6
443	65	57.6
443	65	57.6
443	65	57.6
443	65	57.6
443	65	57.6
443	65	57.6
444	65	57.6
444	65	57.6
444	65	57.6
444	65	57.6
444	65	57.6
444	65	57.6
444	65	57.6
444	65	57.6
444	65	57.6
444	65	57.6
445	65	57.6
445	65	57.6
445	65	57.6
445	65	57.6
445	65	57.6
445	65	57.6
445	65	57.6
445	65	57.6
445	65	57.6
445	65	57.6
446	65	57.6
446	65	57.6
446	65	57.6
446	65	57.6
446	65	57.6
446	65	57.6
446	65	57.6
446	65	57.6
446	65	57.6
446	65	57.6
447	65	57.6
447	65	57.6
447	65	57.6
447	65	57.6
447	65	57.6
447	65	57.6
447	65	57.6
447	65	57.6
447	65	57.6
447	65	57.6
448	65	57.6
448	65	57.5
448	65	57.5
448	65	57.5
448	65	57.5
448	65	57.5
448	65	57.5
448	65	57.5
448	65	57.5
448	65	57.5
449	65	57.5
449	65	57.5
449	65	57.5
449	65	57.5
449	65	57.5
449	65	57.5
449	65	57.5
449	65	57.5
449	65	57.5
449	65	57.5
450	65	57.5
450	65	57.5
450	65	57.5
450	65	57.5
450	65	57.5
450	65	57.5
450	65	57.5
450	65	57.5
450	65	57.5
450	65	57.5
451	65	57.5
451	65	57.5
451	65	57.5
451	65	57.5
451	65	57.6
451	65	57.6
451	65	57.6
451	65	57.6
451	65	57.6
451	65	57.6
452	65	57.6
452	65	57.6
452	65	57.6
452	65	57.7
452	65	57.7
452	65	57.7
452	65	57.7
452	65	57.7
452	65	57.7
452	65	57.7
453	65	57.7
453	65	57.7
453	65	57.8
453	65	57.8
453	65	57.8
453	65	57.8
453	65	57.8
453	65	57.8
453	65	57.8
453	65	57.8
454	65	57.8
454	65	57.8
454	65	57.9
454	65	57.9
454	65	57.9
454	65	57.9
454	65	57.9
454	65	57.9
454	65	57.9
454	65	57.9
455	65	57.9
455	65	57.9
455	65	57.9
455	65	57.9
455	65	57.9
455	65	57.9
455	65	57.9
455	65	57.9
455	65	57.9
455	65	57.9
456	65	57.9
456	65	57.9
456	65	57.9
456	65	57.9
456	65	57.9
456	65	57.9
456	65	57.9
456	65	57.9
456	65	57.9
456	65	58
457	65	58
457	65	58
457	65	58
457	65	58
457	65	58
457	65	58
457	65	58
457	65	58
457	65	58
457	65	58
458	65	58
458	65	58
458	65	58
458	65	58
458	65	58
458	65	58
458	65	58
458	65	58
458	65	58
458	65	58
459	65	58
459	65	58
459	65	58
459	65	58
459	65	58
459	65	58
459	65	58
459	65	58
459	65	58
459	65	58
460	65	58
460	65	58
460	65	58
460	65	58
460	65	58
460	65	58
460	65	58
460	65	58
460	65	58.1
460	65	58.1
461	65	58.1
461	65	58.1
461	65	58.1
461	65	58.1
461	65	58.1
461	65	58.1
461	65	58.1
461	65	58.1
461	65	58.1
461	65	58.1
462	65	58.1
462	65	58.1
462	65	58.1
462	65	58.1
462	65	58.1
462	65	58.1
462	65	58.1
462	65	58.1
462	65	58.1
462	65	58.1
463	65	58.1
463	65	58.1
463	65	58.1
463	65	58.1
463	65	58.1
463	65	58.1
463	65	58.1
463	65	58.1
463	65	58.1
463	65	58.1
464	65	58.1
464	65	58.1
464	65	58
464	65	58
464	65	58
464	65	58
464	65	58
464	65	58
464	65	58
464	65	58
465	65	58
465	65	57.9
465	65	57.9
465	65	57.9
465	65	57.9
465	65	57.9
465	65	57.9
465	65	57.9
465	65	57.9
465	65	57.8
466	65	57.8
466	65	57.8
466	65	57.8
466	65	57.8
466	65	57.8
466	65	57.8
466	65	57.8
466	65	57.8
466	65	57.8
466	65	57.7
467	65	57.7
467	65	57.7
467	65	57.7
467	65	57.7
467	65	57.7
467	65	57.7
467	65	57.7
467	65	57.7
467	65	57.7
467	65	57.7
468	65	57.7
468	65	57.7
468	65	57.7
468	65	57.6
468	65	57.6
468	65	57.6
468	65	57.6
468	65	57.6
468	65	57.6
468	65	57.6
469	65	57.6
469	65	57.6
469	65	57.6
469	65	57.6
469	65	57.6
469	65	57.6
469	65	57.6
469	65	57.6
469	65	57.6
469	65	57.6
470	65	57.6
470	65	57.6
470	65	57.6
470	65	57.6
470	65	57.6
470	65	57.6
470	65	57.6
470	65	57.6
470	65	57.6
470	65	57.6
471	65	57.6
471	65	57.6
471	65	57.6
471	65	57.6
471	65	57.6
471	65	57.6
471	65	57.6
471	65	57.6
471	65	57.6
471	65	57.6
472	65	57.6
472	65	57.6
472	65	57.6
472	65	57.6
472	65	57.6
472	65	57.6
472	65	57.6
472	65	57.6
472	65	57.6
472	65	57.6
473	65	57.6
473	65	57.6
473	65	57.6
473	65	57.6
473	65	57.6
473	65	57.6
473	65	57.6
473	65	57.6
473	65	57.6
473	65	57.6
474	65	57.6
474	65	57.6
474	65	57.6
474	65	57.6
474	65	57.6
474	65	57.6
474	65	57.6
474	65	57.6
474	65	57.6
474	65	57.6
475	65	57.6
475	65	57.6
475	65	57.6
475	65	57.6
475	65	57.5
475	65	57.5
475	65	57.5
475	65	57.5
475	65	57.5
475	65	57.5
476	65	57.5
476	65	57.5
476	65	57.5
476	65	57.5
476	65	57.5
476	65	57.5
476	65	57.5
476	65	57.5
476	65	57.5
476	65	57.5
477	65	57.5
477	65	57.5
477	65	57.5
477	65	57.5
477	65	57.5
477	65	57.5
477	65	57.5
477	65	57.5
477	65	57.5
477	65	57.5
478	65	57.5
478	65	57.5
478	65	57.5
478	65	57.5
478	65	57.5
478	65	57.5
478	65	57.5
478	65	57.5
478	65	57.5
478	65	57.5
479	65	57.5
479	65	57.5
479	65	57.5
479	65	57.5
479	65	57.5
479	65	57.5
479	65	57.5
479	65	57.5
479	65	57.5
479	65	57.5
480	65	57.5
480	65	57.5
480	65	57.6
480	65	57.6
480	65	57.6
480	65	57.6
480	65	57.6
480	65	57.6
480	65	57.6
480	65	57.6
481	65	57.6
481	65	57.6
481	65	57.6
481	65	57.6
481	65	57.7
481	65	57.7
481	65	57.7
481	65	57.7
481	65	57.7
481	65	57.7
482	65	57.7
482	65	57.7
482	65	57.7
482	65	57.7
482	65	57.7
482	65	57.8
482	65	57.8
482	65	57.8
482	65	57.8
482	65	57.8
483	65	57.8
483	65	57.8
483	65	57.8
483	65	57.8
483	65	57.8
483	65	57.8
483	65	57.8
483	65	57.9
483	65	57.9
483	65	57.9
484	65	57.9
484	65	57.9
484	65	57.9
484	65	57.9
484	65	57.9
484	65	57.9
484	65	57.9
484	65	57.9
484	65	57.9
484	65	57.9
485	65	57.9
485	65	57.9
485	65	57.9
485	65	57.9
485	65	57.9
485	65	57.9
485	65	57.9
485	65	57.9
485	65	57.9
485	65	57.9
486	65	57.9
486	65	57.9
486	65	57.9
486	65	57.9
486	65	57.9
486	65	57.9
486	65	57.9
486	65	57.9
486	65	57.9
486	65	57.9
487	65	58
487	65	58
487	65	58
487	65	58
487	65	58
487	65	58
487	65	58
487	65	58
487	65	58
487	65	58
488	65	58
488	65	58
488	65	58
488	65	58
488	65	58
488	65	58
488	65	58
488	65	58
488	65	58
488	65	58
489	65	58
489	65	58
489	65	58
489	65	58
489	65	58
489	0	58
489	0	58
489	0	58
489	0	58
489	0	58
490	0	58
490	0	58
490	0	58
490	0	58
490	0	58
490	0	58
490	0	58
490	0	58
490	0	58
490	0	58
491	0	58
491	0	58
491	0	58
491	0	58
491	0	58
491	0	58
491	0	58
491	0	58
491	0	58
491	0	58
492	0	58
492	0	58
492	0	58
492	0	58
492	0	58
492	0	58
492	0	58
492	0	58
492	0	58
492	0	58
493	0	58
493	0	58
493	0	58
493	0	57.9
493	0	57.9
493	0	57.9
493	0	57.9
493	0	57.9
493	0	57.9
493	0	57.9
494	0	57.9
494	0	57.9
494	0	57.9
494	0	57.9
494	0	57.9
494	0	57.9
494	0	57.9
494	0	57.8
494	0	57.8
494	0	57.8
495	0	57.8
495	0	57.8
495	0	57.8
495	0	57.8
495	0	57.8
495	0	57.7
495	0	57.7
495	0	57.7
495	0	57.7
495	0	57.7
496	0	57.7
496	0	57.6
496	0	57.6
496	0	57.6
496	0	57.6
496	0	57.6
496	0	57.5
496	0	57.5
496	0	57.5
496	0	57.5
497	0	57.4
497	0	57.4
497	0	57.4
497	0	57.4
497	0	57.3
497	0	57.3
497	0	57.3
497	0	57.3
497	0	57.2
497	0	57.2
498	0	57.2
498	0	57.2
498	0	57.1
498	0	57.1
498	0	57.1
498	0	57
498	0	57
498	0	57
498	0	56.9
498	0	56.9
499	0	56.9
499	0	56.8
499	0	56.8
499	0	56.8
499	0	56.7
499	0	56.7
499	0	56.7
499	0	56.6
499	0	56.6
499	0	56.6
500	0	56.5
500	0	56.5
500	0	56.5
500	0	56.4
500	0	56.4
500	0	56.3
500	0	56.3
500	0	56.3
500	0	56.2
500	0	56.2
501	0	56.2
501	0	56.1
501	0	56.1
501	0	56
501	0	56
501	0	56
501	0	55.9
501	0	55.9
501	0	55.9
501	0	55.8
502	0	55.8
502	0	55.7
502	0	55.7
502	0	55.7
502	0	55.6
502	0	55.6
502	0	55.5
502	0	55.5
502	0	55.5
502	0	55.4
503	0	55.4
503	0	55.4
503	0	55.3
503	0	55.3
503	0	55.2
503	0	55.2
503	0	55.2
503	0	55.1
503	0	55.1
503	0	55
504	0	55
504	0	55
504	0	54.9
504	0	54.9
504	0	54.8
504	0	54.8
504	0	54.7
504	0	54.7
504	0	54.7
504	0	54.6
505	0	54.6
505	0	54.5
505	0	54.5
505	0	54.5
505	0	54.4
505	0	54.4
505	0	54.3
505	0	54.3
505	0	54.2
505	0	54.2
506	0	54.1
506	0	54.1
506	0	54.1
506	0	54
506	0	54
506	0	53.9
506	0	53.9
506	0	53.8
506	0	53.8
506	0	53.7
507	0	53.7
507	0	53.6
507	0	53.6
507	0	53.5
507	0	53.4
507	0	53.4
507	0	53.3
507	0	53.3
507	0	53.2
507	0	53.2
508	0	53.1
508	0	53
508	0	53
508	0	52.9
508	0	52.9
508	0	52.8
508	0	52.8
508	0	52.7
508	0	52.6
508	0	52.6
509	0	52.5
509	0	52.5
509	0	52.4
509	0	52.3
509	0	52.3
509	0	52.2
509	0	52.2
509	0	52.1
509	0	52
509	0	52
510	0	51.9
510	0	51.9
510	0	51.8
510	0	51.8
510	0	51.7
510	0	51.6
510	0	51.6
510	0	51.5
510	0	51.5
510	0	51.4
511	0	51.4
511	0	51.3
511	0	51.3
511	0	51.2
511	0	51.2
511	0	51.1
511	0	51.1
511	0	51
511	0	51
511	0	50.9
512	0	50.9
512	0	50.8
512	0	50.8
512	0	50.7
512	0	50.7
512	0	50.6
512	0	50.6
512	0	50.5
512	0	50.5
512	0	50.4
513	0	50.4
513	0	50.3
513	0	50.3
513	0	50.2
513	0	50.2
513	0	50.2
513	0	50.1
513	0	50.1
513	0	50
513	0	50
514	0	49.9
514	0	49.9
514	0	49.8
514	0	49.8
514	0	49.7
514	0	49.7
514	0	49.7
514	0	49.6
514	0	49.6
514	0	49.5
515	0	49.5
515	0	49.4
515	0	49.4
515	0	49.3
515	0	49.3
515	0	49.3
515	0	49.2
515	0	49.2
515	0	49.1
515	0	49.1
516	0	49
516	0	49
516	0	48.9
516	0	48.9
516	0	48.8
516	0	48.8
516	0	48.8
516	0	48.7
516	0	48.7
516	0	48.6
517	0	48.6
517	0	48.5
517	0	48.5
517	0	48.4
517	0	48.4
517	0	48.3
517	0	48.3
517	0	48.2
517	0	48.2
517	0	48.1
518	0	48.1
518	0	48
518	0	48
518	0	48
518	0	47.9
518	0	47.9
518	0	47.8
518	0	47.8
518	0	47.7
518	0	47.7
519	0	47.6
519	0	47.6
519	0	47.6
519	0	47.5
519	0	47.5
519	0	47.4
519	0	47.4
519	0	47.3
519	0	47.3
519	0	47.3
520	0	47.2
520	0	47.2
520	0	47.2
520	0	47.1
520	0	47.1
520	0	47.1
520	0	47
520	0	47
520	0	47
520	0	46.9
521	0	46.9
521	0	46.9
521	0	46.9
521	0	46.8
521	0	46.8
521	0	46.8
521	0	46.7
521	0	46.7
521	0	46.7
521	0	46.7
522	0	46.6
522	0	46.6
522	0	46.6
522	0	46.6
522	0	46.5
522	0	46.5
522	0	46.5
522	0	46.4
522	0	46.4
522	0	46.4
523	0	46.3
523	0	46.3
523	0	46.3
523	0	46.3
523	0	46.2
523	0	46.2
523	0	46.2
523	0	46.1
523	0	46.1
523	0	46.1
524	0	46
524	0	46
524	0	46
524	0	45.9
524	0	45.9
524	0	45.9
524	0	45.8
524	0	45.8
524	0	45.8
524	0	45.7
525	0	45.7
525	0	45.7
525	0	45.6
525	0	45.6
525	0	45.5
525	0	45.5
525	0	45.5
525	0	45.4
525	0	45.4
525	0	45.4
526	0	45.3
526	0	45.3
526	0	45.3
526	0	45.2
526	0	45.2
526	0	45.2
526	0	45.1
526	0	45.1
526	0	45
526	0	45
527	0	45
527	0	44.9
527	0	44.9
527	0	44.9
527	0	44.8
527	0	44.8
527	0	44.8
527	0	44.7
527	0	44.7
527	0	44.7
528	0	44.6
528	0	44.6
528	0	44.6
528	0	44.5
528	0	44.5
528	0	44.5
528	0	44.4
528	0	44.4
528	0	44.4
528	0	44.3
529	0	44.3
529	0	44.3
529	0	44.2
529	0	44.2
529	0	44.2
529	0	44.1
529	0	44.1
529	0	44.1
529	0	44.1
529	0	44
530	0	44
530	0	44
530	0	43.9
530	0	43.9
530	0	43.9
530	0	43.9
530	0	43.8
530	0	43.8
530	0	43.8
530	0	43.7
531	0	43.7
531	0	43.7
531	0	43.7
531	0	43.6
531	0	43.6
531	0	43.6
531	0	43.5
531	0	43.5
531	0	43.5
531	0	43.5
532	0	43.4
532	0	43.4
532	0	43.4
532	0	43.3
532	0	43.3
532	0	43.3
532	0	43.3
532	0	43.2
532	0	43.2
532	0	43.2
533	0	43.1
533	0	43.1
533	0	43.1
533	0	43.1
533	0	43
533	0	43
533	0	43
533	0	42.9
533	0	42.9
533	0	42.9
534	0	42.8
534	0	42.8
534	0	42.8
534	0	42.7
534	0	42.7
534	0	42.7
534	0	42.6
534	0	42.6
534	0	42.5
534	0	42.5
535	0	42.5
535	0	42.4
535	0	42.4
535	0	42.4
535	0	42.3
535	0	42.3
535	0	42.2
535	0	42.2
535	0	42.2
535	0	42.1
536	0	42.1
536	0	42
536	0	42
536	0	42
536	0	41.9
536	0	41.9
536	0	41.8
536	0	41.8
536	0	41.8
536	0	41.7
537	0	41.7
537	0	41.6
537	0	41.6
537	0	41.6
537	0	41.5
537	0	41.5
537	0	41.4
537	0	41.4
537	0	41.4
537	0	41.3
538	0	41.3
538	0	41.3
538	0	41.2
538	0	41.2
538	0	41.1
538	0	41.1
538	0	41.1
538	0	41
538	0	41
538	0	41
539	0	40.9
539	0	40.9
539	0	40.9
539	0	40.8
539	0	40.8
539	0	40.8
539	0	40.7
539	0	40.7
539	0	40.7
539	0	40.7
540	0	40.6
540	0	40.6
540	0	40.6
540	0	40.5
540	0	40.5
540	0	40.5
540	0	40.5
540	0	40.4
540	0	40.4
540	0	40.4
541	0	40.3
541	0	40.3
541	0	40.3
541	0	40.3
541	0	40.2
541	0	40.2
541	0	40.2
541	0	40.2
541	0	40.1
541	0	40.1
542	0	40.1
542	0	40.1
542	0	40
542	0	40
542	0	40
542	0	40
542	0	39.9
542	0	39.9
542	0	39.9
542	0	39.9
543	0	39.8
543	0	39.8
543	0	39.8
543	0	39.8
543	0	39.8
543	0	39.7
543	0	39.7
543	0	39.7
543	0	39.7
543	0	39.6
544	0	39.6
544	0	39.6
544	0	39.6
544	0	39.5
544	0	39.5
544	0	39.5
544	0	39.5
544	0	39.5
544	0	39.4
544	0	39.4
545	0	39.4
545	0	39.4
545	0	39.3
545	0	39.3
545	0	39.3
545	0	39.3
545	0	39.2
545	0	39.2
545	0	39.2
545	0	39.2
546	0	39.1
546	0	39.1
546	0	39.1
546	0	39.1
546	0	39
546	0	39
546	0	39
546	0	39
546	0	38.9
546	0	38.9
547	0	38.9
547	0	38.9
547	0	38.9
547	0	38.8
547	0	38.8
547	0	38.8
547	0	38.8
547	0	38.7
547	0	38.7
547	0	38.7
548	0	38.7
548	0	38.6
548	0	38.6
548	0	38.6
548	0	38.6
548	0	38.5
548	0	38.5
548	0	38.5
548	0	38.5
548	0	38.4
549	0	38.4
549	0	38.4
549	0	38.4
549	0	38.3
549	0	38.3
549	0	38.3
549	0	38.3
549	0	38.2
549	0	38.2
549	0	38.2
550	0	38.2
550	0	38.1
550	0	38.1
550	0	38.1
550	0	38.1
550	0	38
550	0	38
550	0	38
550	0	38
550	0	38
551	0	37.9
551	0	37.9
551	0	37.9
551	0	37.9
551	0	37.8
551	0	37.8
551	0	37.8
551	0	37.8
551	0	37.8
551	0	37.7
552	0	37.7
552	0	37.7
552	0	37.7
552	0	37.7
552	0	37.6
552	0	37.6
552	0	37.6
552	0	37.6
552	0	37.6
552	0	37.5
553	0	37.5
553	0	37.5
553	0	37.5
553	0	37.5
553	0	37.5
553	0	37.4
553	0	37.4
553	0	37.4
553	0	37.4
553	0	37.4
554	0	37.4
554	0	37.3
554	0	37.3
554	0	37.3
554	0	37.3
554	0	37.3
554	0	37.3
554	0	37.2
554	0	37.2
554	0	37.2
555	0	37.2
555	0	37.2
555	0	37.2
555	0	37.2
555	0	37.2
555	0	37.1
555	0	37.1
555	0	37.1
555	0	37.1
555	0	37.1
556	0	37.1
556	0	37.1
556	0	37.1
556	0	37
556	0	37
556	0	37
556	0	37
556	0	37
556	0	37
556	0	37
557	0	37
557	0	37
557	0	36.9
557	0	36.9
557	0	36.9
557	0	36.9
557	0	36.9
557	0	36.9
557	0	36.9
557	0	36.9
558	0	36.9
558	0	36.9
558	0	36.9
558	0	36.8
558	0	36.8
558	0	36.8
558	0	36.8
558	0	36.8
558	0	36.8
558	0	36.8
559	0	36.8
559	0	36.8
559	0	36.8
559	0	36.8
559	0	36.8
559	0	36.8
559	0	36.7
559	0	36.7
559	0	36.7
559	0	36.7
560	0	36.7
560	0	36.7
560	0	36.7
560	0	36.7
560	0	36.7
560	0	36.7
560	0	36.7
560	0	36.6
560	0	36.6
560	0	36.6
561	0	36.6
561	0	36.6
561	0	36.6
561	0	36.6
561	0	36.6
561	0	36.5
561	0	36.5
561	0	36.5
561	0	36.5
561	0	36.5
562	0	36.5
562	0	36.5
562	0	36.5
562	0	36.4
562	0	36.4
562	0	36.4
562	0	36.4
562	0	36.4
562	0	36.4
562	0	36.4
563	0	36.4
563	0	36.3
563	0	36.3
563	0	36.3
563	0	36.3
563	0	36.3
563	0	36.3
563	0	36.3
563	0	36.2
563	0	36.2
564	0	36.2
564	0	36.2
564	0	36.2
564	0	36.2
564	0	36.2
564	0	36.1
564	0	36.1
564	0	36.1
564	0	36.1
564	0	36.1
565	0	36.1
565	0	36
565	0	36
565	0	36
565	0	36
565	0	36
565	0	36
565	0	35.9
565	0	35.9
565	0	35.9
566	0	35.9
566	0	35.9
566	0	35.9
566	0	35.9
566	0	35.8
566	0	35.8
566	0	35.8
566	0	35.8
566	0	35.8
566	0	35.8
567	0	35.7
567	0	35.7
567	0	35.7
567	0	35.7
567	0	35.7
567	0	35.7
567	0	35.7
567	0	35.6
567	0	35.6
567	0	35.6
568	0	35.6
568	0	35.6
568	0	35.6
568	0	35.5
568	0	35.5
568	0	35.5
568	0	35.5
568	0	35.5
568	0	35.5
568	0	35.5
569	0	35.4
569	0	35.4
569	0	35.4
569	0	35.4
569	0	35.4
569	0	35.4
569	0	35.4
569	0	35.4
569	0	35.3
569	0	35.3
570	0	35.3
570	0	35.3
570	0	35.3
570	0	35.3
570	0	35.3
570	0	35.3
570	0	35.2
570	0	35.2
570	0	35.2
570	0	35.2
571	0	35.2
571	0	35.2
571	0	35.2
571	0	35.2
571	0	35.2
571	0	35.1
571	0	35.1
571	0	35.1
571	0	35.1
571	0	35.1
572	0	35.1
572	0	35.1
572	0	35.1
572	0	35.1
572	0	35
572	0	35
572	0	35
572	0	35
572	0	35
572	0	35
573	0	35
573	0	35
573	0	35
573	0	35
573	0	35
573	0	34.9
573	0	34.9
573	0	34.9
573	0	34.9
573	0	34.9
574	0	34.9
574	0	34.9
574	0	34.9
574	0	34.9
574	0	34.9
574	0	34.8
574	0	34.8
574	0	34.8
574	0	34.8
574	0	34.8
575	0	34.8
575	0	34.8
575	0	34.8
575	0	34.8
575	0	34.8
575	0	34.8
575	0	34.7
575	0	34.7
575	0	34.7
575	0	34.7
576	0	34.7
576	0	34.7
576	0	34.7
576	0	34.7
576	0	34.7
576	0	34.6
576	0	34.6
576	0	34.6
576	0	34.6
576	0	34.6
577	0	34.6
577	0	34.6
577	0	34.6
577	0	34.6
577	0	34.6
577	0	34.5
577	0	34.5
577	0	34.5
577	0	34.5
577	0	34.5
578	0	34.5
578	0	34.5
578	0	34.5
578	0	34.5
578	0	34.4
578	0	34.4
578	0	34.4
578	0	34.4
578	0	34.4
578	0	34.4
579	0	34.4
579	0	34.4
579	0	34.3
579	0	34.3
579	0	34.3
579	0	34.3
579	0	34.3
579	0	34.3
579	0	34.3
579	0	34.2
580	0	34.2
580	0	34.2
580	0	34.2
580	0	34.2
580	0	34.2
580	0	34.2
580	0	34.1
580	0	34.1
580	0	34.1
580	0	34.1
581	0	34.1
581	0	34.1
581	0	34.1
581	0	34
581	0	34
581	0	34
581	0	34
581	0	34
581	0	33.9
581	0	33.9
582	0	33.9
582	0	33.9
582	0	33.9
582	0	33.9
582	0	33.8
582	0	33.8
582	0	33.8
582	0	33.8
582	0	33.8
582	0	33.8
583	0	33.7
583	0	33.7
583	0	33.7
583	0	33.7
583	0	33.7
583	0	33.6
583	0	33.6
583	0	33.6
583	0	33.6
583	0	33.6
584	0	33.5
584	0	33.5
584	0	33.5
584	0	33.5
584	0	33.5
584	0	33.5
584	0	33.4
584	0	33.4
584	0	33.4
584	0	33.4
585	0	33.4
585	0	33.3
585	0	33.3
585	0	33.3
585	0	33.3
585	0	33.3
585	0	33.2
585	0	33.2
585	0	33.2
585	0	33.2
586	0	33.2
586	0	33.2
586	0	33.1
586	0	33.1
586	0	33.1
586	0	33.1
586	0	33.1
586	0	33.1
586	0	33
586	0	33
587	0	33
587	0	33
587	0	33
587	0	33
587	0	33
587	0	32.9
587	0	32.9
587	0	32.9
587	0	32.9
587	0	32.9
588	0	32.9
588	0	32.9
588	0	32.9
588	0	32.8
588	0	32.8
588	0	32.8
588	0	32.8
588	0	32.8
588	0	32.8
588	0	32.8
589	0	32.8
589	0	32.8
589	0	32.7
589	0	32.7
589	0	32.7
589	0	32.7
589	0	32.7
589	0	32.7
589	0	32.7
589	0	32.7
590	0	32.7
590	0	32.7
590	0	32.6
590	0	32.6
590	0	32.6
590	0	32.6
590	0	32.6
590	0	32.6
590	0	32.6
590	0	32.6
591	0	32.6
591	0	32.6
591	0	32.6
591	0	32.6
591	0	32.5
591	0	32.5
591	0	32.5
591	0	32.5
591	0	32.5
591	0	32.5
592	0	32.5
592	0	32.5
592	0	32.5
592	0	32.5
592	0	32.5
592	0	32.5
592	0	32.5
592	0	32.4
592	0	32.4
592	0	32.4
593	0	32.4
593	0	32.4
593	0	32.4
593	0	32.4
593	0	32.4
593	0	32.4
593	0	32.4
593	0	32.4
593	0	32.4
593	0	32.4
594	0	32.4
594	0	32.4
594	0	32.3
594	0	32.3
594	0	32.3
594	0	32.3
594	0	32.3
594	0	32.3
594	0	32.3
594	0	32.3
595	0	32.3
595	0	32.3
595	0	32.3
595	0	32.3
595	0	32.3
595	0	32.3
595	0	32.2
595	0	32.2
595	0	32.2
595	0	32.2
596	0	32.2
596	0	32.2
596	0	32.2
596	0	32.2
596	0	32.2
596	0	32.2
596	0	32.2
596	0	32.2
596	0	32.2
596	0	32.1
597	0	32.1
597	0	32.1
597	0	32.1
597	0	32.1
597	0	32.1
597	0	32.1
597	0	32.1
597	0	32.1
597	0	32.1
597	0	32.1
598	0	32.1
598	0	32
598	0	32
598	0	32
598	0	32
598	0	32
598	0	32
598	0	32
598	0	32
598	0	32
599	0	32
599	0	31.9
599	0	31.9
599	0	31.9
599	0	31.9
599	0	31.9
599	0	31.9
599	0	31.9
599	0	31.9
599	0	31.9
600	0	31.9
600	0	31.8
600	0	31.8
600	0	31.8
600	0	31.8
600	0	31.8
600	0	31.8
600	0	31.8
600	0	31.8
600	0	31.8
601	0	31.8
601	0	31.7
601	0	31.7
601	0	31.7
601	0	31.7
601	0	31.7
601	0	31.7
601	0	31.7
601	0	31.7
601	0	31.7
602	0	31.6
602	0	31.6
602	0	31.6
602	0	31.6
602	0	31.6
602	0	31.6
602	0	31.6
602	0	31.6
602	0	31.6
602	0	31.6
603	0	31.6
603	0	31.5
603	0	31.5
603	0	31.5
603	0	31.5
603	0	31.5
603	0	31.5
603	0	31.5
603	0	31.5
603	0	31.5
604	0	31.5
604	0	31.5
604	0	31.5
604	0	31.5
604	0	31.5
604	0	31.4
604	0	31.4
604	0	31.4
604	0	31.4
604	0	31.4
605	0	31.4
605	0	31.4
605	0	31.4
605	0	31.4
605	0	31.4
605	0	31.4
605	0	31.4
605	0	31.4
605	0	31.4
605	0	31.4
606	0	31.4
606	0	31.4
606	0	31.4
606	0	31.4
606	0	31.4
606	0	31.4
606	0	31.4
606	0	31.4
606	0	31.4
606	0	31.4
607	0	31.4
607	0	31.4
607	0	31.4
607	0	31.4
607	0	31.4
607	0	31.4
607	0	31.4
607	0	31.4
607	0	31.4
607	0	31.4
608	0	31.4
608	0	31.4
608	0	31.4
608	0	31.4
608	0	31.4
608	0	31.4
608	0	31.4
608	0	31.4
608	0	31.4
608	0	31.4
609	0	31.4
609	0	31.4
609	0	31.4
609	0	31.4
609	0	31.4
609	0	31.4
609	0	31.4
609	0	31.4
609	0	31.4
609	0	31.4
610	0	31.4
610	0	31.4
610	0	31.4
610	0	31.4
610	0	31.4
610	0	31.4
610	0	31.4
610	0	31.4
610	0	31.4
610	0	31.4
611	0	31.4
611	0	31.4
611	0	31.4
611	0	31.4
611	0	31.4
611	0	31.4
611	0	31.4
611	0	31.4
611	0	31.4
611	0	31.4
612	0	31.4
612	0	31.4
612	0	31.4
612	0	31.4
612	0	31.4
612	0	31.4
612	0	31.4
612	0	31.4
612	0	31.4
612	0	31.4
613	0	31.4
613	0	31.4
613	0	31.4
613	0	31.4
613	0	31.4
613	0	31.4
613	0	31.4
613	0	31.4
613	0	31.4
613	0	31.4
614	0	31.4
614	0	31.4
614	0	31.4
614	0	31.4
614	0	31.4
614	0	31.4
614	0	31.4
614	0	31.4
614	0	31.4
614	0	31.4
615	0	31.4
615	0	31.4
615	0	31.4
615	0	31.3
615	0	31.3
615	0	31.3
615	0	31.3
615	0	31.3
615	0	31.3
615	0	31.3
616	0	31.3
616	0	31.3
616	0	31.3
616	0	31.3
616	0	31.3
616	0	31.3
616	0	31.3
616	0	31.3
616	0	31.3
616	0	31.3
617	0	31.3
617	0	31.3
617	0	31.3
617	0	31.3
617	0	31.3
617	0	31.3
617	0	31.3
617	0	31.3
617	0	31.2
617	0	31.2
618	0	31.2
618	0	31.2
618	0	31.2
618	0	31.2
618	0	31.2
618	0	31.2
618	0	31.2
618	0	31.2
618	0	31.2
618	0	31.2
619	0	31.2
619	0	31.2
619	0	31.2
619	0	31.2
619	0	31.2
619	0	31.2
619	0	31.2
619	0	31.2
619	0	31.2
619	0	31.1
620	0	31.1
620	0	31.1
620	0	31.1
620	0	31.1
620	0	31.1
620	0	31.1
620	0	31.1
620	0	31.1
620	0	31.1
620	0	31.1
621	0	31.1
621	0	31.1
621	0	31.1
621	0	31.1
621	0	31.1
621	0	31.1
621	0	31.1
621	0	31.1
621	0	31.1
621	0	31
622	0	31
622	0	31
622	0	31
622	0	31
622	0	31
622	0	31
622	0	31
622	0	31
622	0	31
622	0	31
623	0	31
623	0	31
623	0	31
623	0	31
623	0	31
623	0	31
623	0	31
623	0	31
623	0	31
623	0	31
624	0	31
624	0	30.9
624	0	30.9
624	0	30.9
624	0	30.9
624	0	30.9
624	0	30.9
624	0	30.9
624	0	30.9
624	0	30.9
625	0	30.9
625	0	30.9
625	0	30.9
625	0	30.9
625	0	30.9
625	0	30.9
625	0	30.9
625	0	30.9
625	0	30.9
625	0	30.9
626	0	30.9
626	0	30.9
626	0	30.8
626	0	30.8
626	0	30.8
626	0	30.8
626	0	30.8
626	0	30.8
626	0	30.8
626	0	30.8
627	0	30.8
627	0	30.8
627	0	30.8
627	0	30.8
627	0	30.8
627	0	30.8
627	0	30.8
627	0	30.8
627	0	30.8
627	0	30.8
628	0	30.8
628	0	30.8
628	0	30.8
628	0	30.8
628	0	30.8
628	0	30.7
628	0	30.7
628	0	30.7
628	0	30.7
628	0	30.7
629	0	30.7
629	0	30.7
629	0	30.7
629	0	30.7
629	0	30.7
629	0	30.7
629	0	30.7
629	0	30.7
629	0	30.7
629	0	30.7
630	0	30.7
630	0	30.7
630	0	30.7
630	0	30.7
630	0	30.7
630	0	30.7
630	0	30.7
630	0	30.7
630	0	30.7
630	0	30.6
631	0	30.6
631	0	30.6
631	0	30.6
631	0	30.6
631	0	30.6
631	0	30.6
631	0	30.6
631	0	30.6
631	0	30.6
631	0	30.6
632	0	30.6
632	0	30.6
632	0	30.6
632	0	30.6
632	0	30.6
632	0	30.6
632	0	30.6
632	0	30.6
632	0	30.6
632	0	30.6
633	0	30.6
633	0	30.6
633	0	30.5
633	0	30.5
633	0	30.5
633	0	30.5
633	0	30.5
633	0	30.5
633	0	30.5
633	0	30.5
634	0	30.5
634	0	30.5
634	0	30.5
634	0	30.5
634	0	30.5
634	0	30.5
634	0	30.5
634	0	30.5
634	0	30.5
634	0	30.5
635	0	30.5
635	0	30.5
635	0	30.5
635	0	30.5
635	0	30.5
635	0	30.5
635	0	30.4
635	0	30.4
635	0	30.4
635	0	30.4
636	0	30.4
636	0	30.4
636	0	30.4
636	0	30.4
636	0	30.4
636	0	30.4
636	0	30.4
636	0	30.4
636	0	30.4
636	0	30.4
637	0	30.4
637	0	30.4
637	0	30.4
637	0	30.4
637	0	30.4
637	0	30.4
637	0	30.4
637	0	30.4
637	0	30.4
637	0	30.4
638	0	30.3
638	0	30.3
638	0	30.3
638	0	30.3
638	0	30.3
638	0	30.3
638	0	30.3
638	0	30.3
638	0	30.3
638	0	30.3
639	0	30.3
639	0	30.3
639	0	30.3
639	0	30.3
639	0	30.3
639	0	30.3
639	0	30.3
639	0	30.3
639	0	30.3
639	0	30.3
640	0	30.3
640	0	30.3
640	0	30.3
640	0	30.3
640	0	30.3
640	0	30.2
640	0	30.2
640	0	30.2
640	0	30.2
640	0	30.2
641	0	30.2
641	0	30.2
641	0	30.2
641	0	30.2
641	0	30.2
641	0	30.2
641	0	30.2
641	0	30.2
641	0	30.2
641	0	30.2
642	0	30.2
642	0	30.2
642	0	30.2
642	0	30.2
642	0	30.2
642	0	30.2
642	0	30.2
642	0	30.2
642	0	30.2
642	0	30.2
643	0	30.2
643	0	30.2
643	0	30.2
643	0	30.1
643	0	30.1
643	0	30.1
643	0	30.1
643	0	30.1
643	0	30.1
643	0	30.1
644	0	30.1
644	0	30.1
644	0	30.1
644	0	30.1
644	0	30.1
644	0	30.1
644	0	30.1
644	0	30.1
644	0	30.1
644	0	30.1
645	0	30.1
645	0	30.1
645	0	30.1
645	0	30.1
645	0	30.1
645	0	30.1
645	0	30.1
645	0	30.1
645	0	30.1
645	0	30.1
646	0	30.1
646	0	30
646	0	30
646	0	30
646	0	30
646	0	30
646	0	30
646	0	30
646	0	30
646	0	30
647	0	30
647	0	30
647	0	30
647	0	30
647	0	30
647	0	30
647	0	30
647	0	30
647	0	30
647	0	30
648	0	30
648	0	30
648	0	30
648	0	30
648	0	30
648	0	30
648	0	30
648	0	30
648	0	30
648	0	30
649	0	30
649	0	30
649	0	29.9
649	0	29.9
649	0	29.9
649	0	29.9
649	0	29.9
649	0	29.9
649	0	29.9
649	0	29.9
650	0	29.9
650	0	29.9
650	0	29.9
650	0	29.9
650	0	29.9
650	0	29.9
650	0	29.9
650	0	29.9
650	0	29.9
650	0	29.9
651	0	29.9
651	0	29.9
651	0	29.9
651	0	29.9
651	0	29.9
651	0	29.9
651	0	29.9
651	0	29.9
651	0	29.9
651	0	29.9
652	0	29.8
652	0	29.8
652	0	29.8
652	0	29.8
652	0	29.8
652	0	29.8
652	0	29.8
652	0	29.8
652	0	29.8
652	0	29.8
653	0	29.8
653	0	29.8
653	0	29.8
653	0	29.8
653	0	29.8
653	0	29.8
653	0	29.8
653	0	29.8
653	0	29.8
653	0	29.8
654	0	29.7
654	0	29.7
654	0	29.7
654	0	29.7
654	0	29.7
654	0	29.7
654	0	29.7
654	0	29.7
654	0	29.7
654	0	29.7
655	0	29.7
655	0	29.7
655	0	29.7
655	0	29.7
655	0	29.7
655	0	29.7
655	0	29.7
655	0	29.6
655	0	29.6
655	0	29.6
656	0	29.6
656	0	29.6
656	0	29.6
656	0	29.6
656	0	29.6
656	0	29.6
656	0	29.6
656	0	29.6
656	0	29.6
656	0	29.5
657	0	29.5
657	0	29.5
657	0	29.5
657	0	29.5
657	0	29.5
657	0	29.5
657	0	29.5
657	0	29.5
657	0	29.4
657	0	29.4
658	0	29.4
658	0	29.4
658	0	29.4
658	0	29.4
658	0	29.4
658	0	29.4
658	0	29.4
658	0	29.3
658	0	29.3
658	0	29.3
659	0	29.3
659	0	29.3
659	0	29.3
659	0	29.3
659	0	29.3
659	0	29.3
659	0	29.2
659	0	29.2
659	0	29.2
659	0	29.2
660	0	29.2
660	0	29.2
660	0	29.2
660	0	29.2
660	0	29.2
660	0	29.1
660	0	29.1
660	0	29.1
660	0	29.1
660	0	29.1
661	0	29.1
661	0	29.1
661	0	29.1
661	0	29.1
661	0	29.1
661	0	29
661	0	29
661	0	29
661	0	29
661	0	29
662	0	29
662	0	29
662	0	29
662	0	29
662	0	29
662	0	29
662	0	29
662	0	29
662	0	28.9
662	0	28.9
663	0	28.9
663	0	28.9
663	0	28.9
663	0	28.9
663	0	28.9
663	0	28.9
663	0	28.9
663	0	28.9
663	0	28.9
663	0	28.9
664	0	28.9
664	0	28.9
664	0	28.9
664	0	28.9
664	0	28.9
664	0	28.9
664	0	28.9
664	0	28.9
664	0	28.9
664	0	28.9
665	0	28.9
665	0	28.9
665	0	28.9
665	0	28.9
665	0	28.9
665	0	28.9
665	0	28.9
665	0	28.9
665	0	28.9
665	0	28.9
666	0	28.9
666	0	28.9
666	0	28.9
666	0	28.9
666	0	28.9
666	0	28.9
666	0	28.9
666	0	28.9
666	0	28.9
666	0	28.9
667	0	28.9
667	0	28.9
667	0	28.9
667	0	28.9
667	0	28.9
667	0	28.9
667	0	28.9
667	0	28.9
667	0	28.9
667	0	28.9
668	0	28.9
668	0	28.9
668	0	28.9
668	0	28.9
668	0	28.9
668	0	28.9
668	0	28.9
668	0	28.9
668	0	28.9
668	0	28.8
669	0	28.8
669	0	28.8
669	0	28.8
669	0	28.8
669	0	28.8
669	0	28.8
669	0	28.8
669	0	28.8
669	0	28.8
669	0	28.8
670	0	28.8
670	0	28.8
670	0	28.8
670	0	28.8
670	0	28.8
670	0	28.8
670	0	28.8
670	0	28.8
670	0	28.8
670	0	28.8
671	0	28.7
671	0	28.7
671	0	28.7
671	0	28.7
671	0	28.7
671	0	28.7
671	0	28.7
671	0	28.7
671	0	28.7
671	0	28.7
672	0	28.7
672	0	28.7
672	0	28.7
672	0	28.7
672	0	28.7
672	0	28.7
672	0	28.7
672	0	28.7
672	0	28.7
672	0	28.7
673	0	28.7
673	0	28.7
673	0	28.7
673	0	28.7
673	0	28.7
673	0	28.7
673	0	28.7
673	0	28.7
673	0	28.7
673	0	28.7
674	0	28.8
674	0	28.8
674	0	28.8
674	0	28.8
674	0	28.8
674	0	28.8
674	0	28.8
674	0	28.8
674	0	28.8
674	0	28.8
675	0	28.8
675	0	28.9
675	0	28.9
675	0	28.9
675	0	28.9
675	0	28.9
675	0	28.9
675	0	28.9
675	0	28.9
675	0	28.9
676	0	28.9
676	0	29
676	0	29
676	0	29
676	0	29
676	0	29
676	0	29
676	0	29
676	0	29
676	0	29
677	0	29
677	0	29
677	0	29
677	0	29
677	0	29
677	0	29
677	0	29
677	0	29.1
677	0	29.1
677	0	29.1
678	0	29.1
678	0	29.1
678	0	29.1
678	0	29.1
678	0	29.1
678	0	29.1
678	0	29.1
678	0	29.1
678	0	29.1
678	0	29.1
679	0	29.1
679	0	29.1
679	0	29.1
679	0	29.1
679	0	29.1
679	0	29
679	0	29
679	0	29
679	0	29
679	0	29
680	0	29
680	0	29
680	0	29
680	0	29
680	0	29
680	0	29
680	0	29
680	0	29
680	0	29
680	0	29
681	0	29
681	0	29
681	0	29
681	0	29
681	0	29
681	0	29
681	0	29
681	0	29
681	0	29
681	0	29
682	0	29
682	0	29
682	0	28.9
682	0	28.9
682	0	28.9
682	0	28.9
682	0	28.9
682	0	28.9
682	0	28.9
682	0	28.9
683	0	28.9
683	0	28.9
683	0	28.9
683	0	28.9
683	0	28.9
683	0	28.9
683	0	28.9
683	0	28.9
683	0	28.9
683	0	28.9
684	0	28.9
684	0	28.9
684	0	28.9
684	0	28.9
684	0	28.9
684	0	28.9
684	0	28.9
684	0	28.9
684	0	28.9
684	0	28.9
685	0	28.9
685	0	28.9
685	0	28.9
685	0	28.9
685	0	28.9
685	0	28.9
685	0	28.9
685	0	28.9
685	0	28.9
685	0	28.9
686	0	28.9
686	0	28.9
686	0	28.9
686	0	28.9
686	0	28.9
686	0	28.9
686	0	28.9
686	0	28.9
686	0	28.9
686	0	28.9
687	0	28.9
687	0	28.9
687	0	28.9
687	0	28.9
687	0	28.9
687	0	28.9
687	0	28.9
687	0	28.9
687	0	28.9
687	0	28.9
688	0	28.9
688	0	28.9
688	0	28.9
688	0	28.9
688	0	28.9
688	0	28.9
688	0	28.9
688	0	28.9
688	0	28.9
688	0	28.9
689	0	28.9
689	0	28.9
689	0	28.9
689	0	28.8
689	0	28.8
689	0	28.8
689	0	28.8
689	0	28.8
689	0	28.8
689	0	28.8
690	0	28.8
690	0	28.8
690	0	28.8
690	0	28.8
690	0	28.7
690	0	28.7
690	0	28.7
690	0	28.7
690	0	28.7
690	0	28.7
691	0	28.7
691	0	28.7
691	0	28.6
691	0	28.6
691	0	28.6
691	0	28.6
691	0	28.6
691	0	28.6
691	0	28.6
691	0	28.5
692	0	28.5
692	0	28.5
692	0	28.5
692	0	28.5
692	0	28.5
692	0	28.5
692	0	28.5
692	0	28.4
692	0	28.4
692	0	28.4
693	0	28.4
693	0	28.4
693	0	28.4
693	0	28.4
693	0	28.4
693	0	28.4
693	0	28.3
693	0	28.3
693	0	28.3
693	0	28.3
694	0	28.3
694	0	28.3
694	0	28.3
694	0	28.3
694	0	28.3
694	0	28.3
694	0	28.3
694	0	28.3
694	0	28.3
694	0	28.2
695	0	28.2
695	0	28.2
695	0	28.2
695	0	28.2
695	0	28.2
695	0	28.2
695	0	28.2
695	0	28.2
695	0	28.2
695	0	28.2
696	0	28.2
696	0	28.2
696	0	28.2
696	0	28.2
696	0	28.2
696	0	28.2
696	0	28.2
696	0	28.2
696	0	28.2
696	0	28.2
697	0	28.2
697	0	28.2
697	0	28.2
697	0	28.2
697	0	28.2
697	0	28.2
697	0	28.2
697	0	28.2
697	0	28.2
697	0	28.2
698	0	28.2
698	0	28.2
698	0	28.2
698	0	28.2
698	0	28.2
698	0	28.2
698	0	28.2
698	0	28.2
698	0	28.2
698	0	28.2
699	0	28.2
699	0	28.2
699	0	28.2
699	0	28.2
699	0	28.2
699	0	28.2
699	0	28.2
699	0	28.2
699	0	28.2
699	0	28.2
700	0	28.2
700	0	28.2
700	0	28.2
700	0	28.2
700	0	28.2
700	0	28.2
700	0	28.2
700	0	28.2
700	0	28.2
700	0	28.2
701	0	28.2
701	0	28.2
701	0	28.2
701	0	28.2
701	0	28.2
701	0	28.2
701	0	28.2
701	0	28.2
701	0	28.2
701	0	28.2
702	0	28.2
702	0	28.2
702	0	28.2
702	0	28.2
702	0	28.2
702	0	28.2
702	0	28.2
702	0	28.2
702	0	28.2
702	0	28.2
703	0	28.2
703	0	28.2
703	0	28.2
703	0	28.2
703	0	28.2
703	0	28.2
703	0	28.2
703	0	28.1
703	0	28.1
703	0	28.1
704	0	28.1
704	0	28.1
704	0	28.1
704	0	28.1
704	0	28.1
704	0	28.1
704	0	28.1
704	0	28.1
704	0	28.1
704	0	28.1
705	0	28.1
705	0	28.1
705	0	28.1
705	0	28.1
705	0	28.1
705	0	28.1
705	0	28.1
705	0	28.1
705	0	28.1
705	0	28.1
706	0	28.1
706	0	28.1
706	0	28.1
706	0	28.1
706	0	28.1
706	0	28.1
706	0	28.1
706	0	28.1
706	0	28.1
706	0	28.1
707	0	28.1
707	0	28.1
707	0	28
707	0	28
707	0	28
707	0	28
707	0	28
707	0	28
707	0	28
707	0	28
708	0	28
708	0	28
708	0	28
708	0	28
708	0	28
708	0	28
708	0	28
708	0	28
708	0	28
708	0	28
709	0	28
709	0	28
709	0	28
709	0	28
709	0	28
709	0	28
709	0	28
709	0	28
709	0	28
709	0	28
710	0	27.9
710	0	27.9
710	0	27.9
710	0	27.9
710	0	27.9
710	0	27.9
710	0	27.9
710	0	27.9
710	0	27.9
710	0	27.9
711	0	27.9
711	0	27.9
711	0	27.9
711	0	27.9
711	0	27.9
711	0	27.9
711	0	27.9
711	0	27.9
711	0	27.9
711	0	27.9
712	0	27.9
712	0	27.9
712	0	27.9
712	0	27.9
712	0	27.9
712	0	27.9
712	0	27.9
712	0	27.9
712	0	28
712	0	28
713	0	28
713	0	28
713	0	28
713	0	28
713	0	28
713	0	28
713	0	28
713	0	28
713	0	28
713	0	28
714	0	28
714	0	28
714	0	28
714	0	28
714	0	28
714	0	28.1
714	0	28.1
714	0	28.1
714	0	28.1
714	0	28.1
715	0	28.1
715	0	28.1
715	0	28.1
715	0	28.1
715	0	28.1
715	0	28.1
715	0	28.1
715	0	28.2
715	0	28.2
715	0	28.2
716	0	28.2
716	0	28.2
716	0	28.2
716	0	28.2
716	0	28.2
716	0	28.2
716	0	28.2
716	0	28.2
716	0	28.2
716	0	28.2
717	0	28.3
717	0	28.3
717	0	28.3
717	0	28.3
717	0	28.3
717	0	28.3
717	0	28.3
717	0	28.3
717	0	28.3
717	0	28.3
718	0	28.3
718	0	28.3
718	0	28.3
718	0	28.3
718	0	28.3
718	0	28.4
718	0	28.4
718	0	28.4
718	0	28.4
718	0	28.4
719	0	28.4
719	0	28.4
719	0	28.4
719	0	28.4
719	0	28.4
719	0	28.4
719	0	28.4
719	0	28.4
719	0	28.4
719	0	28.4
720	0	28.4
720	0	28.4
720	0	28.4
720	0	28.4
720	0	28.4
720	0	28.4
720	0	28.4
720	0	28.4
720	0	28.4
720	0	28.4
721	0	28.4
721	0	28.4
721	0	28.4
721	0	28.4
721	0	28.4
721	0	28.4
721	0	28.4
721	0	28.4
721	0	28.4
721	0	28.4
722	0	28.4
722	0	28.4
722	0	28.3
722	0	28.3
722	0	28.3
722	0	28.3
722	0	28.3
722	0	28.3
722	0	28.3
722	0	28.3
723	0	28.3
723	0	28.3
723	0	28.3
723	0	28.3
723	0	28.3
723	0	28.3
723	0	28.3
723	0	28.3
723	0	28.3
723	0	28.3
724	0	28.3
724	0	28.3
724	0	28.3
724	0	28.3
724	0	28.3
724	0	28.3
724	0	28.3
724	0	28.3
724	0	28.3
724	0	28.3
725	0	28.3
725	0	28.3
725	0	28.3
725	0	28.3
725	0	28.2
725	0	28.2
725	0	28.2
725	0	28.2
725	0	28.2
725	0	28.2
726	0	28.2
726	0	28.2
726	0	28.2
726	0	28.2
726	0	28.2
726	0	28.2
726	0	28.2
726	0	28.2
726	0	28.2
726	0	28.2
727	0	28.2
727	0	28.2
727	0	28.2
727	0	28.2
727	0	28.2
727	0	28.2
727	0	28.2
727	0	28.2
727	0	28.2
727	0	28.2
728	0	28.2
728	0	28.2
728	0	28.2
728	0	28.2
728	0	28.2
728	0	28.2
728	0	28.2
728	0	28.2
728	0	28.2
728	0	28.2
729	0	28.2
729	0	28.2
729	0	28.2
729	0	28.2
729	0	28.2
729	0	28.2
729	0	28.3
729	0	28.3
729	0	28.3
729	0	28.3
730	0	28.3
730	0	28.3
730	0	28.3
730	0	28.3
730	0	28.3
730	0	28.3
730	0	28.3
730	0	28.3
730	0	28.3
730	0	28.3
731	0	28.3
731	0	28.3
731	0	28.3
731	0	28.3
731	0	28.3
731	0	28.2
731	0	28.2
731	0	28.2
731	0	28.2
731	0	28.2
732	0	28.2
732	0	28.2
732	0	28.2
732	0	28.2
732	0	28.2
732	0	28.2
732	0	28.2
732	0	28.2
732	0	28.2
732	0	28.2
733	0	28.2
733	0	28.1
733	0	28.1
733	0	28.1
733	0	28.1
733	0	28.1
733	0	28.1
733	0	28
733	0	28
733	0	28
734	0	28
734	0	28
734	0	28
734	0	28
734	0	28
734	0	28
734	0	27.9
734	0	27.9
734	0	27.9
734	0	27.9
735	0	27.9
735	0	27.9
