0	0	26
0.1	0	26.1
0.2	0	26.1
0.3	0	26.2
0.4	0	26.3
0.5	0	26.3
0.6	0	26.4
0.7	0	26.4
0.8	0	26.5
0.9	0	26.5
1	0	26.6
1.1	0	26.6
1.2	0	26.7
1.3	0	26.7
1.4	0	26.8
1.5	0	26.8
1.6	0	26.9
1.7	0	26.9
1.8	0	26.9
1.9	0	27
2	0	27
2.1	0	27.1
2.2	0	27.1
2.3	0	27.1
2.4	0	27.1
2.5	0	27.2
2.6	0	27.2
2.7	0	27.2
2.8	0	27.3
2.9	0	27.3
3	0	27.3
3.1	0	27.3
3.2	0	27.4
3.3	0	27.4
3.4	0	27.4
3.5	0	27.4
3.6	0	27.4
3.7	0	27.4
3.8	0	27.5
3.9	0	27.5
4	0	27.5
4.1	0	27.5
4.2	0	27.5
4.3	0	27.5
4.4	0	27.5
4.5	0	27.5
4.6	0	27.5
4.7	0	27.5
4.8	0	27.5
4.9	0	27.5
5	0	27.5
5.1	0	27.5
5.2	0	27.5
5.3	0	27.5
5.4	0	27.5
5.5	0	27.5
5.6	0	27.5
5.7	0	27.5
5.8	0	27.5
5.9	0	27.5
6	0	27.5
6.1	0	27.5
6.2	0	27.5
6.3	0	27.5
6.4	0	27.5
6.5	0	27.5
6.6	0	27.5
6.7	0	27.5
6.8	0	27.5
6.9	0	27.5
7	0	27.5
7.1	0	27.5
7.2	0	27.5
7.3	0	27.5
7.4	0	27.5
7.5	0	27.5
7.6	0	27.5
7.7	0	27.5
7.8	0	27.4
7.9	0	27.4
8	0	27.4
8.1	0	27.4
8.2	0	27.4
8.3	0	27.4
8.4	0	27.4
8.5	0	27.4
8.6	0	27.4
8.7	0	27.4
8.8	0	27.4
8.9	0	27.4
9	0	27.4
9.1	0	27.4
9.2	0	27.4
9.3	0	27.4
9.4	0	27.4
9.5	0	27.4
9.6	0	27.4
9.7	0	27.4
9.8	0	27.4
9.9	0	27.4
10	0	27.4
10.1	0	27.4
10.2	0	27.4
10.3	0	27.4
10.4	0	27.4
10.5	0	27.4
10.6	0	27.4
10.7	0	27.4
10.8	0	27.4
10.9	0	27.4
11	0	27.4
11.1	0	27.4
11.2	0	27.4
11.3	0	27.4
11.4	0	27.4
11.5	0	27.4
11.6	0	27.5
11.7	0	27.5
11.8	0	27.5
11.9	0	27.5
12	0	27.5
12.1	0	27.5
12.2	0	27.5
12.3	0	27.5
12.4	0	27.5
12.5	0	27.5
12.6	0	27.5
12.7	0	27.5
12.8	0	27.5
12.9	0	27.5
13	0	27.5
13.1	0	27.5
13.2	0	27.5
13.3	0	27.5
13.4	0	27.5
13.5	0	27.5
13.6	0	27.5
13.7	0	27.5
13.8	0	27.5
13.9	0	27.5
14	0	27.5
14.1	0	27.5
14.2	0	27.5
14.3	0	27.5
14.4	0	27.5
14.5	0	27.5
14.6	0	27.5
14.7	0	27.4
14.8	0	27.4
14.9	0	27.4
15	0	27.4
15.1	0	27.4
15.2	0	27.4
15.3	0	27.4
15.4	0	27.4
15.5	0	27.4
15.6	0	27.4
15.7	0	27.4
15.8	0	27.4
15.9	0	27.4
16	0	27.4
16.1	0	27.4
16.2	0	27.4
16.3	0	27.4
16.4	0	27.4
16.5	0	27.4
16.6	0	27.4
16.7	0	27.4
16.8	0	27.4
16.9	0	27.4
17	0	27.4
17.1	0	27.4
17.2	0	27.4
17.3	0	27.4
17.4	0	27.4
17.5	0	27.4
17.6	0	27.4
17.7	0	27.4
17.8	0	27.4
17.9	0	27.4
18	0	27.4
18.1	0	27.4
18.2	0	27.4
18.3	0	27.4
18.4	0	27.4
18.5	0	27.4
18.6	0	27.4
18.7	0	27.4
18.8	0	27.4
18.9	0	27.5
19	0	27.5
19.1	0	27.5
19.2	0	27.5
19.3	0	27.5
19.4	0	27.5
19.5	0	27.5
19.6	0	27.5
19.7	0	27.5
19.8	0	27.5
19.9	0	27.6
20	0	27.6
20.1	0	27.6
20.2	0	27.6
20.3	0	27.6
20.4	0	27.6
20.5	0	27.6
20.6	0	27.6
20.7	0	27.7
20.8	0	27.7
20.9	0	27.7
21	0	27.7
21.1	0	27.7
21.2	0	27.7
21.3	0	27.7
21.4	0	27.7
21.5	0	27.7
21.6	0	27.7
21.7	0	27.7
21.8	0	27.7
21.9	0	27.8
22	0	27.8
22.1	0	27.8
22.2	0	27.8
22.3	0	27.8
22.4	0	27.8
22.5	0	27.8
22.6	0	27.8
22.7	0	27.8
22.8	0	27.8
22.9	0	27.8
23	0	27.8
23.1	0	27.8
23.2	0	27.8
23.3	0	27.8
23.4	0	27.8
23.5	0	27.8
23.6	0	27.8
23.7	0	27.8
23.8	0	27.8
23.9	0	27.8
24	0	27.8
24.1	0	27.8
24.2	0	27.8
24.3	0	27.8
24.4	0	27.8
24.5	0	27.8
24.6	0	27.8
24.7	0	27.8
24.8	0	27.8
24.9	0	27.8
25	0	27.8
25.1	0	27.8
25.2	0	27.8
25.3	0	27.8
25.4	0	27.8
25.5	0	27.8
25.6	0	27.8
25.7	0	27.8
25.8	0	27.8
25.9	0	27.8
26	0	27.8
26.1	0	27.8
26.2	0	27.8
26.3	0	27.8
26.4	0	27.8
26.5	0	27.8
26.6	0	27.8
26.7	0	27.8
26.8	0	27.8
26.9	0	27.8
27	0	27.8
27.1	0	27.8
27.2	0	27.8
27.3	0	27.8
27.4	0	27.8
27.5	0	27.8
27.6	0	27.8
27.7	0	27.8
27.8	0	27.7
27.9	0	27.7
28	0	27.7
28.1	0	27.7
28.2	0	27.7
28.3	0	27.7
28.4	0	27.7
28.5	0	27.7
28.6	0	27.7
28.7	0	27.7
28.8	0	27.7
28.9	0	27.7
29	0	27.7
29.1	0	27.7
29.2	0	27.7
29.3	0	27.7
29.4	0	27.7
29.5	0	27.7
29.6	0	27.7
29.7	0	27.7
29.8	0	27.7
29.9	0	27.7
30	0	27.7
30.1	0	27.7
30.2	0	27.7
30.3	0	27.7
30.4	0	27.7
30.5	0	27.7
30.6	0	27.7
30.7	0	27.7
30.8	0	27.7
30.9	0	27.7
31	0	27.7
31.1	0	27.7
31.2	0	27.7
31.3	0	27.7
31.4	0	27.7
31.5	0	27.7
31.6	0	27.7
31.7	0	27.7
31.8	0	27.7
31.9	0	27.7
32	0	27.7
32.1	0	27.7
32.2	0	27.7
32.3	0	27.7
32.4	0	27.7
32.5	0	27.7
32.6	0	27.7
32.7	0	27.7
32.8	0	27.7
32.9	0	27.8
33	0	27.8
33.1	0	27.8
33.2	0	27.8
33.3	0	27.8
33.4	0	27.8
33.5	0	27.8
33.6	0	27.8
33.7	0	27.8
33.8	0	27.8
33.9	0	27.8
34	0	27.8
34.1	0	27.8
34.2	0	27.8
34.3	0	27.8
34.4	0	27.8
34.5	0	27.8
34.6	0	27.8
34.7	0	27.8
34.8	0	27.8
34.9	0	27.8
35	0	27.7
35.1	0	27.7
35.2	0	27.7
35.3	0	27.7
35.4	0	27.7
35.5	0	27.7
35.6	0	27.7
35.7	0	27.7
35.8	0	27.7
35.9	0	27.7
36	0	27.7
36.1	0	27.7
36.2	0	27.7
36.3	0	27.7
36.4	0	27.7
36.5	0	27.7
36.6	0	27.7
36.7	0	27.7
36.8	0	27.6
36.9	0	27.6
37	0	27.6
37.1	0	27.6
37.2	0	27.6
37.3	0	27.6
37.4	0	27.6
37.5	0	27.6
37.6	0	27.6
37.7	0	27.6
37.8	0	27.6
37.9	0	27.5
38	0	27.5
38.1	0	27.5
38.2	0	27.5
38.3	0	27.5
38.4	0	27.5
38.5	0	27.5
38.6	0	27.5
38.7	0	27.4
38.8	0	27.4
38.9	0	27.4
39	0	27.4
39.1	0	27.4
39.2	0	27.4
39.3	0	27.4
39.4	0	27.4
39.5	0	27.4
39.6	0	27.3
39.7	0	27.3
39.8	0	27.3
39.9	0	27.3
40	0	27.3
40.1	0	27.3
40.2	0	27.3
40.3	0	27.3
40.4	0	27.3
40.5	0	27.3
40.6	0	27.3
40.7	0	27.2
40.8	0	27.2
40.9	0	27.2
41	0	27.2
41.1	0	27.2
41.2	0	27.2
41.3	0	27.2
41.4	0	27.2
41.5	0	27.2
41.6	0	27.2
41.7	0	27.2
41.8	0	27.2
41.9	0	27.2
42	0	27.2
42.1	0	27.2
42.2	0	27.2
42.3	0	27.1
42.4	0	27.1
42.5	0	27.1
42.6	0	27.1
42.7	0	27.1
42.8	0	27.1
42.9	0	27.1
43	0	27.1
43.1	0	27.1
43.2	0	27.1
43.3	0	27.1
43.4	0	27.1
43.5	0	27.1
43.6	0	27.1
43.7	0	27.1
43.8	0	27.1
43.9	0	27.1
44	0	27.1
44.1	0	27.1
44.2	0	27.1
44.3	0	27.1
44.4	0	27.1
44.5	0	27.1
44.6	0	27.1
44.7	0	27.1
44.8	0	27.1
44.9	0	27.1
45	0	27.1
45.1	0	27.1
45.2	0	27.1
45.3	0	27.1
45.4	0	27.1
45.5	0	27.1
45.6	0	27.1
45.7	0	27.1
45.8	0	27.1
45.9	0	27.1
46	0	27.1
46.1	0	27.1
46.2	0	27.1
46.3	0	27.1
46.4	0	27.1
46.5	0	27.1
46.6	0	27.1
46.7	0	27.1
46.8	0	27.1
46.9	0	27.1
47	0	27.1
47.1	0	27.1
47.2	0	27.1
47.3	0	27.1
47.4	0	27.1
47.5	0	27.1
47.6	0	27.2
47.7	0	27.2
47.8	0	27.2
47.9	0	27.2
48	0	27.2
48.1	0	27.2
48.2	0	27.2
48.3	0	27.2
48.4	0	27.2
48.5	0	27.2
48.6	0	27.2
48.7	0	27.2
48.8	0	27.2
48.9	0	27.2
49	0	27.2
49.1	0	27.2
49.2	0	27.2
49.3	0	27.2
49.4	0	27.2
49.5	0	27.2
49.6	0	27.2
49.7	0	27.2
49.8	0	27.2
49.9	0	27.2
50	100	27.2
50.1	100	27.2
50.2	100	27.2
50.3	100	27.2
50.4	100	27.2
50.5	100	27.2
50.6	100	27.2
50.7	100	27.2
50.8	100	27.2
50.9	100	27.2
51	100	27.2
51.1	100	27.2
51.2	100	27.2
51.3	100	27.2
51.4	100	27.2
51.5	100	27.2
51.6	100	27.2
51.7	100	27.2
51.8	100	27.2
51.9	100	27.2
52	100	27.2
52.1	100	27.2
52.2	100	27.2
52.3	100	27.2
52.4	100	27.2
52.5	100	27.2
52.6	100	27.2
52.7	100	27.2
52.8	100	27.2
52.9	100	27.2
53	100	27.2
53.1	100	27.3
53.2	100	27.3
53.3	100	27.3
53.4	100	27.3
53.5	100	27.3
53.6	100	27.3
53.7	100	27.3
53.8	100	27.4
53.9	100	27.4
54	100	27.4
54.1	100	27.4
54.2	100	27.4
54.3	100	27.5
54.4	100	27.5
54.5	100	27.5
54.6	100	27.5
54.7	100	27.6
54.8	100	27.6
54.9	100	27.6
55	100	27.6
55.1	100	27.7
55.2	100	27.7
55.3	100	27.7
55.4	100	27.8
55.5	100	27.8
55.6	100	27.8
55.7	100	27.9
55.8	100	27.9
55.9	100	27.9
56	100	28
56.1	100	28
56.2	100	28
56.3	100	28.1
56.4	100	28.1
56.5	100	28.2
56.6	100	28.2
56.7	100	28.3
56.8	100	28.3
56.9	100	28.3
57	100	28.4
57.1	100	28.4
57.2	100	28.5
57.3	100	28.5
57.4	100	28.6
57.5	100	28.6
57.6	100	28.7
57.7	100	28.7
57.8	100	28.8
57.9	100	28.8
58	100	28.9
58.1	100	28.9
58.2	100	29
58.3	100	29
58.4	100	29.1
58.5	100	29.2
58.6	100	29.2
58.7	100	29.3
58.8	100	29.3
58.9	100	29.4
59	100	29.5
59.1	100	29.5
59.2	100	29.6
59.3	100	29.6
59.4	100	29.7
59.5	100	29.8
59.6	100	29.8
59.7	100	29.9
59.8	100	30
59.9	100	30
60	100	30.1
60.1	100	30.2
60.2	100	30.2
60.3	100	30.3
60.4	100	30.4
60.5	100	30.5
60.6	100	30.5
60.7	100	30.6
60.8	100	30.7
60.9	100	30.7
61	100	30.8
61.1	100	30.9
61.2	100	31
61.3	100	31
61.4	100	31.1
61.5	100	31.2
61.6	100	31.3
61.7	100	31.4
61.8	100	31.4
61.9	100	31.5
62	100	31.6
62.1	100	31.7
62.2	100	31.7
62.3	100	31.8
62.4	100	31.9
62.5	100	32
62.6	100	32.1
62.7	100	32.2
62.8	100	32.2
62.9	100	32.3
63	100	32.4
63.1	100	32.5
63.2	100	32.6
63.3	100	32.6
63.4	100	32.7
63.5	100	32.8
63.6	100	32.9
63.7	100	33
63.8	100	33.1
63.9	100	33.2
64	100	33.2
64.1	100	33.3
64.2	100	33.4
64.3	100	33.5
64.4	100	33.6
64.5	100	33.7
64.6	100	33.7
64.7	100	33.8
64.8	100	33.9
64.9	100	34
65	100	34.1
65.1	100	34.2
65.2	100	34.3
65.3	100	34.3
65.4	100	34.4
65.5	100	34.5
65.6	100	34.6
65.7	100	34.7
65.8	100	34.8
65.9	100	34.8
66	100	34.9
66.1	100	35
66.2	100	35.1
66.3	100	35.2
66.4	100	35.3
66.5	100	35.3
66.6	100	35.4
66.7	100	35.5
66.8	100	35.6
66.9	100	35.7
67	100	35.7
67.1	100	35.8
67.2	100	35.9
67.3	100	36
67.4	100	36.1
67.5	100	36.1
67.6	100	36.2
67.7	100	36.3
67.8	100	36.4
67.9	100	36.5
68	100	36.6
68.1	100	36.6
68.2	100	36.7
68.3	100	36.8
68.4	100	36.9
68.5	100	37
68.6	100	37
68.7	100	37.1
68.8	100	37.2
68.9	100	37.3
69	100	37.3
69.1	100	37.4
69.2	100	37.5
69.3	100	37.6
69.4	100	37.7
69.5	100	37.7
69.6	100	37.8
69.7	100	37.9
69.8	100	38
69.9	100	38
70	100	38.1
70.1	100	38.2
70.2	100	38.3
70.3	100	38.4
70.4	100	38.4
70.5	100	38.5
70.6	100	38.6
70.7	100	38.7
70.8	100	38.7
70.9	100	38.8
71	100	38.9
71.1	100	39
71.2	100	39
71.3	100	39.1
71.4	100	39.2
71.5	100	39.2
71.6	100	39.3
71.7	100	39.4
71.8	100	39.5
71.9	100	39.5
72	100	39.6
72.1	100	39.7
72.2	100	39.8
72.3	100	39.8
72.4	100	39.9
72.5	100	40
72.6	100	40.1
72.7	100	40.1
72.8	100	40.2
72.9	100	40.3
73	100	40.3
73.1	100	40.4
73.2	100	40.5
73.3	100	40.6
73.4	100	40.6
73.5	100	40.7
73.6	100	40.8
73.7	100	40.8
73.8	100	40.9
73.9	100	41
74	100	41.1
74.1	100	41.1
74.2	100	41.2
74.3	100	41.3
74.4	100	41.3
74.5	100	41.4
74.6	100	41.5
74.7	100	41.5
74.8	100	41.6
74.9	100	41.7
75	100	41.7
75.1	100	41.8
75.2	100	41.9
75.3	100	42
75.4	100	42
75.5	100	42.1
75.6	100	42.2
75.7	100	42.2
75.8	100	42.3
75.9	100	42.4
76	100	42.4
76.1	100	42.5
76.2	100	42.6
76.3	100	42.6
76.4	100	42.7
76.5	100	42.8
76.6	100	42.8
76.7	100	42.9
76.8	100	43
76.9	100	43
77	100	43.1
77.1	100	43.2
77.2	100	43.2
77.3	100	43.3
77.4	100	43.4
77.5	100	43.4
77.6	100	43.5
77.7	100	43.6
77.8	100	43.6
77.9	100	43.7
78	100	43.8
78.1	100	43.8
78.2	100	43.9
78.3	100	44
78.4	100	44
78.5	100	44.1
78.6	100	44.2
78.7	100	44.2
78.8	100	44.3
78.9	100	44.4
79	100	44.4
79.1	100	44.5
79.2	100	44.6
79.3	100	44.6
79.4	100	44.7
79.5	100	44.8
79.6	100	44.8
79.7	100	44.9
79.8	100	44.9
79.9	100	45
80	100	45.1
80.1	100	45.1
80.2	100	45.2
80.3	100	45.3
80.4	100	45.3
80.5	100	45.4
80.6	100	45.4
80.7	100	45.5
80.8	100	45.6
80.9	100	45.6
81	100	45.7
81.1	100	45.8
81.2	100	45.8
81.3	100	45.9
81.4	100	45.9
81.5	100	46
81.6	100	46.1
81.7	100	46.1
81.8	100	46.2
81.9	100	46.2
82	100	46.3
82.1	100	46.4
82.2	100	46.4
82.3	100	46.5
82.4	100	46.5
82.5	100	46.6
82.6	100	46.7
82.7	100	46.7
82.8	100	46.8
82.9	100	46.8
83	100	46.9
83.1	100	47
83.2	100	47
83.3	100	47.1
83.4	100	47.1
83.5	100	47.2
83.6	100	47.3
83.7	100	47.3
83.8	100	47.4
83.9	100	47.4
84	100	47.5
84.1	100	47.5
84.2	100	47.6
84.3	100	47.7
84.4	100	47.7
84.5	100	47.8
84.6	100	47.8
84.7	100	47.9
84.8	100	47.9
84.9	100	48
85	100	48.1
85.1	100	48.1
85.2	100	48.2
85.3	100	48.2
85.4	100	48.3
85.5	100	48.3
85.6	100	48.4
85.7	100	48.5
85.8	100	48.5
85.9	100	48.6
86	100	48.6
86.1	100	48.7
86.2	100	48.7
86.3	100	48.8
86.4	100	48.8
86.5	100	48.9
86.6	100	49
86.7	100	49
86.8	100	49.1
86.9	100	49.1
87	100	49.2
87.1	100	49.2
87.2	100	49.3
87.3	100	49.3
87.4	100	49.4
87.5	100	49.5
87.6	100	49.5
87.7	100	49.6
87.8	100	49.6
87.9	100	49.7
88	100	49.7
88.1	100	49.8
88.2	100	49.8
88.3	100	49.9
88.4	100	49.9
88.5	100	50
88.6	100	50
88.7	100	50.1
88.8	100	50.2
88.9	100	50.2
89	100	50.3
89.1	100	50.3
89.2	100	50.4
89.3	100	50.4
89.4	100	50.5
89.5	100	50.5
89.6	100	50.6
89.7	100	50.6
89.8	100	50.7
89.9	100	50.7
90	0	50.8
90.1	0	50.8
90.2	0	50.9
90.3	0	50.9
90.4	0	51
90.5	0	51
90.6	0	51.1
90.7	0	51.2
90.8	0	51.2
90.9	0	51.3
91	0	51.3
91.1	0	51.4
91.2	0	51.4
91.3	0	51.5
91.4	0	51.5
91.5	0	51.6
91.6	0	51.6
91.7	0	51.6
91.8	0	51.7
91.9	0	51.7
92	0	51.8
92.1	0	51.8
92.2	0	51.9
92.3	0	51.9
92.4	0	52
92.5	0	52
92.6	0	52.1
92.7	0	52.1
92.8	0	52.2
92.9	0	52.2
93	0	52.2
93.1	0	52.3
93.2	0	52.3
93.3	0	52.4
93.4	0	52.4
93.5	0	52.4
93.6	0	52.5
93.7	0	52.5
93.8	0	52.6
93.9	0	52.6
94	0	52.6
94.1	0	52.7
94.2	0	52.7
94.3	0	52.7
94.4	0	52.8
94.5	0	52.8
94.6	0	52.8
94.7	0	52.9
94.8	0	52.9
94.9	0	52.9
95	0	52.9
95.1	0	53
95.2	0	53
95.3	0	53
95.4	0	53
95.5	0	53.1
95.6	0	53.1
95.7	0	53.1
95.8	0	53.1
95.9	0	53.2
96	0	53.2
96.1	0	53.2
96.2	0	53.2
96.3	0	53.2
96.4	0	53.2
96.5	0	53.3
96.6	0	53.3
96.7	0	53.3
96.8	0	53.3
96.9	0	53.3
97	0	53.3
97.1	0	53.3
97.2	0	53.4
97.3	0	53.4
97.4	0	53.4
97.5	0	53.4
97.6	0	53.4
97.7	0	53.4
97.8	0	53.4
97.9	0	53.4
98	0	53.4
98.1	0	53.4
98.2	0	53.4
98.3	0	53.4
98.4	0	53.4
98.5	0	53.4
98.6	0	53.4
98.7	0	53.4
98.8	0	53.4
98.9	0	53.4
99	0	53.4
99.1	0	53.4
99.2	0	53.4
99.3	0	53.4
99.4	0	53.4
99.5	0	53.4
99.6	0	53.4
99.7	0	53.4
99.8	0	53.3
99.9	0	53.3
100	0	53.3
100	0	53.3
100	0	53.3
100	0	53.3
100	0	53.3
101	0	53.3
101	0	53.3
101	0	53.2
101	0	53.2
101	0	53.2
101	0	53.2
101	0	53.2
101	0	53.2
101	0	53.1
101	0	53.1
102	0	53.1
102	0	53.1
102	0	53.1
102	0	53
102	0	53
102	0	53
102	0	53
102	0	53
102	0	52.9
102	0	52.9
103	0	52.9
103	0	52.9
103	0	52.8
103	0	52.8
103	0	52.8
103	0	52.8
103	0	52.7
103	0	52.7
103	0	52.7
103	0	52.7
104	0	52.6
104	0	52.6
104	0	52.6
104	0	52.6
104	0	52.5
104	0	52.5
104	0	52.5
104	0	52.4
104	0	52.4
104	0	52.4
105	0	52.3
105	0	52.3
105	0	52.3
105	0	52.3
105	0	52.2
105	0	52.2
105	0	52.2
105	0	52.1
105	0	52.1
105	0	52.1
106	0	52
106	0	52
106	0	52
106	0	51.9
106	0	51.9
106	0	51.9
106	0	51.8
106	0	51.8
106	0	51.8
106	0	51.7
107	0	51.7
107	0	51.7
107	0	51.6
107	0	51.6
107	0	51.5
107	0	51.5
107	0	51.5
107	0	51.4
107	0	51.4
107	0	51.4
108	0	51.3
108	0	51.3
108	0	51.2
108	0	51.2
108	0	51.2
108	0	51.1
108	0	51.1
108	0	51.1
108	0	51
108	0	51
109	0	50.9
109	0	50.9
109	0	50.9
109	0	50.8
109	0	50.8
109	0	50.7
109	0	50.7
109	0	50.7
109	0	50.6
109	0	50.6
110	0	50.5
110	0	50.5
110	0	50.5
110	0	50.4
110	0	50.4
110	0	50.3
110	0	50.3
110	0	50.3
110	0	50.2
110	0	50.2
111	0	50.1
111	0	50.1
111	0	50
111	0	50
111	0	50
111	0	49.9
111	0	49.9
111	0	49.8
111	0	49.8
111	0	49.8
112	0	49.7
112	0	49.7
112	0	49.6
112	0	49.6
112	0	49.5
112	0	49.5
112	0	49.5
112	0	49.4
112	0	49.4
112	0	49.3
113	0	49.3
113	0	49.3
113	0	49.2
113	0	49.2
113	0	49.1
113	0	49.1
113	0	49
113	0	49
113	0	49
113	0	48.9
114	0	48.9
114	0	48.8
114	0	48.8
114	0	48.7
114	0	48.7
114	0	48.7
114	0	48.6
114	0	48.6
114	0	48.5
114	0	48.5
115	0	48.4
115	0	48.4
115	0	48.4
115	0	48.3
115	0	48.3
115	0	48.2
115	0	48.2
115	0	48.1
115	0	48.1
115	0	48.1
116	0	48
116	0	48
116	0	47.9
116	0	47.9
116	0	47.8
116	0	47.8
116	0	47.8
116	0	47.7
116	0	47.7
116	0	47.6
117	0	47.6
117	0	47.5
117	0	47.5
117	0	47.5
117	0	47.4
117	0	47.4
117	0	47.3
117	0	47.3
117	0	47.2
117	0	47.2
118	0	47.2
118	0	47.1
118	0	47.1
118	0	47
118	0	47
118	0	46.9
118	0	46.9
118	0	46.9
118	0	46.8
118	0	46.8
119	0	46.7
119	0	46.7
119	0	46.6
119	0	46.6
119	0	46.6
119	0	46.5
119	0	46.5
119	0	46.4
119	0	46.4
119	0	46.3
120	0	46.3
120	0	46.3
120	0	46.2
120	0	46.2
120	0	46.1
120	0	46.1
120	0	46
120	0	46
120	0	46
120	0	45.9
121	0	45.9
121	0	45.8
121	0	45.8
121	0	45.7
121	0	45.7
121	0	45.7
121	0	45.6
121	0	45.6
121	0	45.5
121	0	45.5
122	0	45.4
122	0	45.4
122	0	45.4
122	0	45.3
122	0	45.3
122	0	45.2
122	0	45.2
122	0	45.1
122	0	45.1
122	0	45.1
123	0	45
123	0	45
123	0	44.9
123	0	44.9
123	0	44.8
123	0	44.8
123	0	44.8
123	0	44.7
123	0	44.7
123	0	44.6
124	0	44.6
124	0	44.6
124	0	44.5
124	0	44.5
124	0	44.4
124	0	44.4
124	0	44.3
124	0	44.3
124	0	44.3
124	0	44.2
125	0	44.2
125	0	44.1
125	0	44.1
125	0	44.1
125	0	44
125	0	44
125	0	43.9
125	0	43.9
125	0	43.9
125	0	43.8
126	0	43.8
126	0	43.7
126	0	43.7
126	0	43.7
126	0	43.6
126	0	43.6
126	0	43.5
126	0	43.5
126	0	43.5
126	0	43.4
127	0	43.4
127	0	43.4
127	0	43.3
127	0	43.3
127	0	43.2
127	0	43.2
127	0	43.2
127	0	43.1
127	0	43.1
127	0	43
128	0	43
128	0	43
128	0	42.9
128	0	42.9
128	0	42.9
128	0	42.8
128	0	42.8
128	0	42.7
128	0	42.7
128	0	42.7
129	0	42.6
129	0	42.6
129	0	42.6
129	0	42.5
129	0	42.5
129	0	42.4
129	0	42.4
129	0	42.4
129	0	42.3
129	0	42.3
130	0	42.3
130	0	42.2
130	0	42.2
130	0	42.2
130	0	42.1
130	0	42.1
130	0	42.1
130	0	42
130	0	42
130	0	41.9
131	0	41.9
131	0	41.9
131	0	41.8
131	0	41.8
131	0	41.8
131	0	41.7
131	0	41.7
131	0	41.7
131	0	41.6
131	0	41.6
132	0	41.6
132	0	41.5
132	0	41.5
132	0	41.4
132	0	41.4
132	0	41.4
132	0	41.3
132	0	41.3
132	0	41.3
132	0	41.2
133	0	41.2
133	0	41.2
133	0	41.1
133	0	41.1
133	0	41.1
133	0	41
133	0	41
133	0	41
133	0	40.9
133	0	40.9
134	0	40.9
134	0	40.9
134	0	40.8
134	0	40.8
134	0	40.8
134	0	40.7
134	0	40.7
134	0	40.7
134	0	40.6
134	0	40.6
135	0	40.6
135	0	40.5
135	0	40.5
135	0	40.5
135	0	40.4
135	0	40.4
135	0	40.4
135	0	40.3
135	0	40.3
135	0	40.3
136	0	40.2
136	0	40.2
136	0	40.2
136	0	40.1
136	0	40.1
136	0	40.1
136	0	40.1
136	0	40
136	0	40
136	0	40
137	0	39.9
137	0	39.9
137	0	39.9
137	0	39.8
137	0	39.8
137	0	39.8
137	0	39.7
137	0	39.7
137	0	39.7
137	0	39.7
138	0	39.6
138	0	39.6
138	0	39.6
138	0	39.5
138	0	39.5
138	0	39.5
138	0	39.4
138	0	39.4
138	0	39.4
138	0	39.4
139	0	39.3
139	0	39.3
139	0	39.3
139	0	39.2
139	0	39.2
139	0	39.2
139	0	39.2
139	0	39.1
139	0	39.1
139	0	39.1
140	0	39
140	0	39
140	0	39
140	0	39
140	0	38.9
140	0	38.9
140	0	38.9
140	0	38.8
140	0	38.8
140	0	38.8
141	0	38.8
141	0	38.7
141	0	38.7
141	0	38.7
141	0	38.6
141	0	38.6
141	0	38.6
141	0	38.6
141	0	38.5
141	0	38.5
142	0	38.5
142	0	38.5
142	0	38.4
142	0	38.4
142	0	38.4
142	0	38.4
142	0	38.3
142	0	38.3
142	0	38.3
142	0	38.2
143	0	38.2
143	0	38.2
143	0	38.2
143	0	38.1
143	0	38.1
143	0	38.1
143	0	38.1
143	0	38
143	0	38
143	0	38
144	0	38
144	0	37.9
144	0	37.9
144	0	37.9
144	0	37.9
144	0	37.8
144	0	37.8
144	0	37.8
144	0	37.8
144	0	37.7
145	0	37.7
145	0	37.7
145	0	37.7
145	0	37.6
145	0	37.6
145	0	37.6
145	0	37.6
145	0	37.6
145	0	37.5
145	0	37.5
146	0	37.5
146	0	37.5
146	0	37.4
146	0	37.4
146	0	37.4
146	0	37.4
146	0	37.3
146	0	37.3
146	0	37.3
146	0	37.3
147	0	37.2
147	0	37.2
147	0	37.2
147	0	37.2
147	0	37.2
147	0	37.1
147	0	37.1
147	0	37.1
147	0	37.1
147	0	37
148	0	37
148	0	37
148	0	37
148	0	37
148	0	36.9
148	0	36.9
148	0	36.9
148	0	36.9
148	0	36.8
148	0	36.8
149	0	36.8
149	0	36.8
149	0	36.8
149	0	36.7
149	0	36.7
149	0	36.7
149	0	36.7
149	0	36.7
149	0	36.6
149	0	36.6
150	0	36.6
150	0	36.6
150	0	36.5
150	0	36.5
150	0	36.5
150	0	36.5
150	0	36.5
150	0	36.4
150	0	36.4
150	0	36.4
151	0	36.4
151	0	36.4
151	0	36.3
151	0	36.3
151	0	36.3
151	0	36.3
151	0	36.3
151	0	36.2
151	0	36.2
151	0	36.2
152	0	36.2
152	0	36.2
152	0	36.1
152	0	36.1
152	0	36.1
152	0	36.1
152	0	36.1
152	0	36
152	0	36
152	0	36
153	0	36
153	0	36
153	0	35.9
153	0	35.9
153	0	35.9
153	0	35.9
153	0	35.9
153	0	35.8
153	0	35.8
153	0	35.8
154	0	35.8
154	0	35.8
154	0	35.7
154	0	35.7
154	0	35.7
154	0	35.7
154	0	35.7
154	0	35.6
154	0	35.6
154	0	35.6
155	0	35.6
155	0	35.6
155	0	35.6
155	0	35.5
155	0	35.5
155	0	35.5
155	0	35.5
155	0	35.5
155	0	35.4
155	0	35.4
156	0	35.4
156	0	35.4
156	0	35.4
156	0	35.3
156	0	35.3
156	0	35.3
156	0	35.3
156	0	35.3
156	0	35.3
156	0	35.2
157	0	35.2
157	0	35.2
157	0	35.2
157	0	35.2
157	0	35.2
157	0	35.1
157	0	35.1
157	0	35.1
157	0	35.1
157	0	35.1
158	0	35
158	0	35
158	0	35
158	0	35
158	0	35
158	0	35
158	0	34.9
158	0	34.9
158	0	34.9
158	0	34.9
159	0	34.9
159	0	34.9
159	0	34.8
159	0	34.8
159	0	34.8
159	0	34.8
159	0	34.8
159	0	34.8
159	0	34.7
159	0	34.7
160	0	34.7
160	0	34.7
160	0	34.7
160	0	34.7
160	0	34.6
160	0	34.6
160	0	34.6
160	0	34.6
160	0	34.6
160	0	34.6
161	0	34.5
161	0	34.5
161	0	34.5
161	0	34.5
161	0	34.5
161	0	34.5
161	0	34.4
161	0	34.4
161	0	34.4
161	0	34.4
162	0	34.4
162	0	34.4
162	0	34.4
162	0	34.3
162	0	34.3
162	0	34.3
162	0	34.3
162	0	34.3
162	0	34.3
162	0	34.3
163	0	34.2
163	0	34.2
163	0	34.2
163	0	34.2
163	0	34.2
163	0	34.2
163	0	34.1
163	0	34.1
163	0	34.1
163	0	34.1
164	0	34.1
164	0	34.1
164	0	34.1
164	0	34.1
164	0	34
164	0	34
164	0	34
164	0	34
164	0	34
164	0	34
165	0	34
165	0	33.9
165	0	33.9
165	0	33.9
165	0	33.9
165	0	33.9
165	0	33.9
165	0	33.9
165	0	33.9
165	0	33.8
166	0	33.8
166	0	33.8
166	0	33.8
166	0	33.8
166	0	33.8
166	0	33.8
166	0	33.8
166	0	33.7
166	0	33.7
166	0	33.7
167	0	33.7
167	0	33.7
167	0	33.7
167	0	33.7
167	0	33.7
167	0	33.6
167	0	33.6
167	0	33.6
167	0	33.6
167	0	33.6
168	0	33.6
168	0	33.6
168	0	33.6
168	0	33.6
168	0	33.5
168	0	33.5
168	0	33.5
168	0	33.5
168	0	33.5
168	0	33.5
169	0	33.5
169	0	33.5
169	0	33.4
169	0	33.4
169	0	33.4
169	0	33.4
169	0	33.4
169	0	33.4
169	0	33.4
169	0	33.4
170	0	33.4
170	0	33.3
170	0	33.3
170	0	33.3
170	0	33.3
170	0	33.3
170	0	33.3
170	0	33.3
170	0	33.3
170	0	33.3
171	0	33.2
171	0	33.2
171	0	33.2
171	0	33.2
171	0	33.2
171	0	33.2
171	0	33.2
171	0	33.2
171	0	33.2
171	0	33.1
172	0	33.1
172	0	33.1
172	0	33.1
172	0	33.1
172	0	33.1
172	0	33.1
172	0	33.1
172	0	33.1
172	0	33.1
172	0	33
173	0	33
173	0	33
173	0	33
173	0	33
173	0	33
173	0	33
173	0	33
173	0	33
173	0	32.9
173	0	32.9
174	0	32.9
174	0	32.9
174	0	32.9
174	0	32.9
174	0	32.9
174	0	32.9
174	0	32.9
174	0	32.8
174	0	32.8
174	0	32.8
175	0	32.8
175	0	32.8
175	0	32.8
175	0	32.8
175	0	32.8
175	0	32.8
175	0	32.8
175	0	32.7
175	0	32.7
175	0	32.7
176	0	32.7
176	0	32.7
176	0	32.7
176	0	32.7
176	0	32.7
176	0	32.6
176	0	32.6
176	0	32.6
176	0	32.6
176	0	32.6
177	0	32.6
177	0	32.6
177	0	32.6
177	0	32.6
177	0	32.5
177	0	32.5
177	0	32.5
177	0	32.5
177	0	32.5
177	0	32.5
178	0	32.5
178	0	32.5
178	0	32.5
178	0	32.5
178	0	32.4
178	0	32.4
178	0	32.4
178	0	32.4
178	0	32.4
178	0	32.4
179	0	32.4
179	0	32.4
179	0	32.4
179	0	32.3
179	0	32.3
179	0	32.3
179	0	32.3
179	0	32.3
179	0	32.3
179	0	32.3
180	0	32.3
180	0	32.3
180	0	32.2
180	0	32.2
180	0	32.2
180	0	32.2
180	0	32.2
180	0	32.2
180	0	32.2
180	0	32.2
181	0	32.2
181	0	32.1
181	0	32.1
181	0	32.1
181	0	32.1
181	0	32.1
181	0	32.1
181	0	32.1
181	0	32.1
181	0	32
182	0	32
182	0	32
182	0	32
182	0	32
182	0	32
182	0	32
182	0	32
182	0	32
182	0	32
182	0	31.9
183	0	31.9
183	0	31.9
183	0	31.9
183	0	31.9
183	0	31.9
183	0	31.9
183	0	31.9
183	0	31.9
183	0	31.8
183	0	31.8
184	0	31.8
184	0	31.8
184	0	31.8
184	0	31.8
184	0	31.8
184	0	31.8
184	0	31.8
184	0	31.8
184	0	31.7
184	0	31.7
185	0	31.7
185	0	31.7
185	0	31.7
185	0	31.7
185	0	31.7
185	0	31.7
185	0	31.7
185	0	31.6
185	0	31.6
185	0	31.6
186	0	31.6
186	0	31.6
186	0	31.6
186	0	31.6
186	0	31.6
186	0	31.6
186	0	31.5
186	0	31.5
186	0	31.5
186	0	31.5
187	0	31.5
187	0	31.5
187	0	31.5
187	0	31.5
187	0	31.5
187	0	31.5
187	0	31.5
187	0	31.4
187	0	31.4
187	0	31.4
188	0	31.4
188	0	31.4
188	0	31.4
188	0	31.4
188	0	31.4
188	0	31.4
188	0	31.3
188	0	31.3
188	0	31.3
188	0	31.3
189	0	31.3
189	0	31.3
189	0	31.3
189	0	31.3
189	0	31.3
189	0	31.3
189	0	31.3
189	0	31.2
189	0	31.2
189	0	31.2
190	0	31.2
190	0	31.2
190	0	31.2
190	0	31.2
190	0	31.2
190	0	31.2
190	0	31.1
190	0	31.1
190	0	31.1
190	0	31.1
191	0	31.1
191	0	31.1
191	0	31.1
191	0	31.1
191	0	31.1
191	0	31.1
191	0	31.1
191	0	31
191	0	31
191	0	31
192	0	31
192	0	31
192	0	31
192	0	31
192	0	31
192	0	31
192	0	31
192	0	31
192	0	30.9
192	0	30.9
193	0	30.9
193	0	30.9
193	0	30.9
193	0	30.9
193	0	30.9
193	0	30.9
193	0	30.9
193	0	30.9
193	0	30.9
193	0	30.9
194	0	30.8
194	0	30.8
194	0	30.8
194	0	30.8
194	0	30.8
194	0	30.8
194	0	30.8
194	0	30.8
194	0	30.8
194	0	30.8
195	0	30.8
195	0	30.8
195	0	30.8
195	0	30.7
195	0	30.7
195	0	30.7
195	0	30.7
195	0	30.7
195	0	30.7
195	0	30.7
196	0	30.7
196	0	30.7
196	0	30.7
196	0	30.7
196	0	30.7
196	0	30.7
196	0	30.7
196	0	30.6
196	0	30.6
196	0	30.6
197	0	30.6
197	0	30.6
197	0	30.6
197	0	30.6
197	0	30.6
197	0	30.6
197	0	30.6
197	0	30.6
197	0	30.6
197	0	30.6
198	0	30.5
198	0	30.5
198	0	30.5
198	0	30.5
198	0	30.5
198	0	30.5
198	0	30.5
198	0	30.5
198	0	30.5
198	0	30.5
199	0	30.5
199	0	30.5
199	0	30.5
199	0	30.5
199	0	30.5
199	0	30.5
199	0	30.4
199	0	30.4
199	0	30.4
199	0	30.4
200	0	30.4
200	0	30.4
200	0	30.4
200	0	30.4
200	0	30.4
200	0	30.4
200	0	30.4
200	0	30.4
200	0	30.4
200	0	30.4
201	0	30.4
201	0	30.4
201	0	30.4
201	0	30.3
201	0	30.3
201	0	30.3
201	0	30.3
201	0	30.3
201	0	30.3
201	0	30.3
202	0	30.3
202	0	30.3
202	0	30.3
202	0	30.3
202	0	30.3
202	0	30.3
202	0	30.3
202	0	30.3
202	0	30.3
202	0	30.3
203	0	30.3
203	0	30.3
203	0	30.3
203	0	30.3
203	0	30.3
203	0	30.3
203	0	30.3
203	0	30.2
203	0	30.2
203	0	30.2
204	0	30.2
204	0	30.2
204	0	30.2
204	0	30.2
204	0	30.2
204	0	30.2
204	0	30.2
204	0	30.2
204	0	30.2
204	0	30.2
205	0	30.2
205	0	30.2
205	0	30.2
205	0	30.2
205	0	30.2
205	0	30.2
205	0	30.2
205	0	30.2
205	0	30.2
205	0	30.2
206	0	30.2
206	0	30.2
206	0	30.2
206	0	30.2
206	0	30.2
206	0	30.2
206	0	30.2
206	0	30.2
206	0	30.2
206	0	30.2
207	0	30.2
207	0	30.2
207	0	30.2
207	0	30.2
207	0	30.2
207	0	30.2
207	0	30.2
207	0	30.2
207	0	30.2
207	0	30.2
208	0	30.2
208	0	30.2
208	0	30.2
208	0	30.2
208	0	30.2
208	0	30.2
208	0	30.2
208	0	30.2
208	0	30.2
208	0	30.2
209	0	30.2
209	0	30.2
209	0	30.2
209	0	30.2
209	0	30.2
209	0	30.2
209	0	30.2
209	0	30.2
209	0	30.2
209	0	30.2
210	0	30.2
210	0	30.2
210	0	30.2
210	0	30.2
210	0	30.2
210	0	30.2
210	0	30.2
210	0	30.2
210	0	30.2
210	0	30.2
211	0	30.2
211	0	30.2
211	0	30.2
211	0	30.2
211	0	30.2
211	0	30.2
211	0	30.2
211	0	30.2
211	0	30.2
211	0	30.2
212	0	30.2
212	0	30.2
212	0	30.2
212	0	30.1
212	0	30.1
212	0	30.1
212	0	30.1
212	0	30.1
212	0	30.1
212	0	30.1
213	0	30.1
213	0	30.1
213	0	30.1
213	0	30.1
213	0	30.1
213	0	30.1
213	0	30.1
213	0	30.1
213	0	30.1
213	0	30.1
214	0	30.1
214	0	30.1
214	0	30.1
214	0	30.1
214	0	30.1
214	0	30.1
214	0	30.1
214	0	30.1
214	0	30.1
214	0	30.1
215	0	30.1
215	0	30.1
215	0	30.1
215	0	30.1
215	0	30.1
215	0	30.1
215	0	30.1
215	0	30.1
215	0	30.1
215	0	30.1
216	0	30.1
216	0	30.1
216	0	30.1
216	0	30.1
216	0	30.1
216	0	30.1
216	0	30.1
216	0	30.1
216	0	30.1
216	0	30.1
217	0	30.1
217	0	30.1
217	0	30.1
217	0	30.1
217	0	30.1
217	0	30.1
217	0	30.1
217	0	30.1
217	0	30.1
217	0	30.1
218	0	30.1
218	0	30.1
218	0	30.1
218	0	30
218	0	30
218	0	30
218	0	30
218	0	30
218	0	30
218	0	30
219	0	30
219	0	30
219	0	30
219	0	30
219	0	30
219	0	30
219	0	30
219	0	30
219	0	30
219	0	30
220	0	30
220	0	30
220	0	30
220	0	30
220	0	30
220	0	30
220	0	30
220	0	30
220	0	30
220	0	30
221	0	30
221	0	30
221	0	30
221	0	30
221	0	30
221	0	29.9
221	0	29.9
221	0	29.9
221	0	29.9
221	0	29.9
222	0	29.9
222	0	29.9
222	0	29.9
222	0	29.9
222	0	29.9
222	0	29.9
222	0	29.9
222	0	29.9
222	0	29.9
222	0	29.9
223	0	29.9
223	0	29.9
223	0	29.9
223	0	29.9
223	0	29.9
223	0	29.9
223	0	29.9
223	0	29.9
223	0	29.8
223	0	29.8
224	0	29.8
224	0	29.8
224	0	29.8
224	0	29.8
224	0	29.8
224	0	29.8
224	0	29.8
224	0	29.8
224	0	29.8
224	0	29.8
225	0	29.8
225	0	29.8
225	0	29.8
225	0	29.8
225	0	29.8
225	0	29.8
225	0	29.8
225	0	29.8
225	0	29.8
225	0	29.7
226	0	29.7
226	0	29.7
226	0	29.7
226	0	29.7
226	0	29.7
226	0	29.7
226	0	29.7
226	0	29.7
226	0	29.7
226	0	29.7
227	0	29.7
227	0	29.7
227	0	29.7
227	0	29.7
227	0	29.7
227	0	29.7
227	0	29.7
227	0	29.7
227	0	29.7
227	0	29.6
228	0	29.6
228	0	29.6
228	0	29.6
228	0	29.6
228	0	29.6
228	0	29.6
228	0	29.6
228	0	29.6
228	0	29.6
228	0	29.6
229	0	29.6
229	0	29.6
229	0	29.6
229	0	29.6
229	0	29.6
229	0	29.6
229	0	29.6
229	0	29.6
229	0	29.5
229	0	29.5
230	0	29.5
230	0	29.5
230	0	29.5
230	0	29.5
230	0	29.5
230	0	29.5
230	0	29.5
230	0	29.5
230	0	29.5
230	0	29.5
231	0	29.5
231	0	29.5
231	0	29.5
231	0	29.5
231	0	29.5
231	0	29.5
231	0	29.5
231	0	29.4
231	0	29.4
231	0	29.4
232	0	29.4
232	0	29.4
232	0	29.4
232	0	29.4
232	0	29.4
232	0	29.4
232	0	29.4
232	0	29.4
232	0	29.4
232	0	29.4
233	0	29.4
233	0	29.4
233	0	29.4
233	0	29.4
233	0	29.4
233	0	29.4
233	0	29.3
233	0	29.3
233	0	29.3
233	0	29.3
234	0	29.3
234	0	29.3
234	0	29.3
234	0	29.3
234	0	29.3
234	0	29.3
234	0	29.3
234	0	29.3
234	0	29.3
234	0	29.3
235	0	29.3
235	0	29.3
235	0	29.3
235	0	29.3
235	0	29.3
235	0	29.3
235	0	29.2
235	0	29.2
235	0	29.2
235	0	29.2
236	0	29.2
236	0	29.2
236	0	29.2
236	0	29.2
236	0	29.2
236	0	29.2
236	0	29.2
236	0	29.2
236	0	29.2
236	0	29.2
237	0	29.2
237	0	29.2
237	0	29.2
237	0	29.2
237	0	29.2
237	0	29.1
237	0	29.1
237	0	29.1
237	0	29.1
237	0	29.1
238	0	29.1
238	0	29.1
238	0	29.1
238	0	29.1
238	0	29.1
238	0	29.1
238	0	29.1
238	0	29.1
238	0	29.1
238	0	29.1
239	0	29.1
239	0	29.1
239	0	29.1
239	0	29.1
239	0	29.1
239	0	29.1
239	0	29
239	0	29
239	0	29
239	0	29
240	0	29
240	0	29
240	0	29
240	0	29
240	0	29
240	0	29
240	0	29
240	0	29
240	0	29
240	0	29
241	0	29
241	0	29
241	0	29
241	0	29
241	0	29
241	0	29
241	0	29
241	0	29
241	0	29
241	0	28.9
242	0	28.9
242	0	28.9
242	0	28.9
242	0	28.9
242	0	28.9
242	0	28.9
242	0	28.9
242	0	28.9
242	0	28.9
242	0	28.9
243	0	28.9
243	0	28.9
243	0	28.9
243	0	28.9
243	0	28.9
243	0	28.9
243	0	28.9
243	0	28.9
243	0	28.9
243	0	28.9
244	0	28.9
244	0	28.9
244	0	28.9
244	0	28.9
244	0	28.9
244	0	28.9
244	0	28.9
244	0	28.9
244	0	28.9
244	0	28.9
245	0	28.8
245	0	28.8
245	0	28.8
245	0	28.8
245	0	28.8
245	0	28.8
245	0	28.8
245	0	28.8
245	0	28.8
245	0	28.8
246	0	28.8
246	0	28.8
246	0	28.8
246	0	28.8
246	0	28.8
246	0	28.8
246	0	28.8
246	0	28.8
246	0	28.8
246	0	28.8
247	0	28.8
247	0	28.8
247	0	28.8
247	0	28.8
247	0	28.8
247	0	28.8
247	0	28.8
247	0	28.8
247	0	28.8
247	0	28.8
248	0	28.8
248	0	28.8
248	0	28.8
248	0	28.8
248	0	28.8
248	0	28.8
248	0	28.8
248	0	28.8
248	0	28.8
248	0	28.7
249	0	28.7
249	0	28.7
249	0	28.7
249	0	28.7
249	0	28.7
249	0	28.7
249	0	28.7
249	0	28.7
249	0	28.7
249	0	28.7
250	0	28.7
250	0	28.7
250	0	28.7
250	0	28.7
250	0	28.7
250	0	28.7
250	0	28.7
250	0	28.7
250	0	28.7
250	0	28.7
251	0	28.7
251	0	28.7
251	0	28.7
251	0	28.7
251	0	28.7
251	0	28.7
251	0	28.7
251	0	28.7
251	0	28.7
251	0	28.7
252	0	28.7
252	0	28.7
252	0	28.7
252	0	28.7
252	0	28.7
252	0	28.7
252	0	28.7
252	0	28.7
252	0	28.6
252	0	28.6
253	0	28.6
253	0	28.6
253	0	28.6
253	0	28.6
253	0	28.6
253	0	28.6
253	0	28.6
253	0	28.6
253	0	28.6
253	0	28.6
254	0	28.6
254	0	28.6
254	0	28.6
254	0	28.6
254	0	28.6
254	0	28.6
254	0	28.6
254	0	28.6
254	0	28.6
254	0	28.6
255	0	28.6
255	0	28.6
255	0	28.6
255	0	28.6
255	0	28.6
255	0	28.6
255	0	28.6
255	0	28.6
255	0	28.6
255	0	28.6
256	0	28.6
256	0	28.6
256	0	28.6
256	0	28.6
256	0	28.6
256	0	28.6
256	0	28.6
256	0	28.5
256	0	28.5
256	0	28.5
257	0	28.5
257	0	28.5
257	0	28.5
257	0	28.5
257	0	28.5
257	0	28.5
257	0	28.5
257	0	28.5
257	0	28.5
257	0	28.5
258	0	28.5
258	0	28.5
258	0	28.5
258	0	28.5
258	0	28.5
258	0	28.5
258	0	28.5
258	0	28.5
258	0	28.5
258	0	28.5
259	0	28.5
259	0	28.5
259	0	28.5
259	0	28.5
259	0	28.5
259	0	28.5
259	0	28.5
259	0	28.5
259	0	28.5
259	0	28.5
260	0	28.5
260	0	28.5
260	0	28.5
260	0	28.5
260	0	28.4
260	0	28.4
260	0	28.4
260	0	28.4
260	0	28.4
260	0	28.4
261	0	28.4
261	0	28.4
261	0	28.4
261	0	28.4
261	0	28.4
261	0	28.4
261	0	28.4
261	0	28.4
261	0	28.4
261	0	28.4
262	0	28.4
262	0	28.4
262	0	28.4
262	0	28.4
262	0	28.4
262	0	28.4
262	0	28.4
262	0	28.4
262	0	28.4
262	0	28.4
263	0	28.4
263	0	28.4
263	0	28.4
263	0	28.4
263	0	28.4
263	0	28.4
263	0	28.4
263	0	28.4
263	0	28.4
263	0	28.4
264	0	28.4
264	0	28.4
264	0	28.4
264	0	28.4
264	0	28.3
264	0	28.3
264	0	28.3
264	0	28.3
264	0	28.3
264	0	28.3
265	0	28.3
265	0	28.3
265	0	28.3
265	0	28.3
265	0	28.3
265	0	28.3
265	0	28.3
265	0	28.3
265	0	28.3
265	0	28.3
266	0	28.3
266	0	28.3
266	0	28.3
266	0	28.3
266	0	28.3
266	0	28.3
266	0	28.3
266	0	28.3
266	0	28.3
266	0	28.3
267	0	28.3
267	0	28.3
267	0	28.3
267	0	28.3
267	0	28.3
267	0	28.3
267	0	28.3
267	0	28.3
267	0	28.3
267	0	28.3
268	0	28.3
268	0	28.3
268	0	28.3
268	0	28.3
268	0	28.2
268	0	28.2
268	0	28.2
268	0	28.2
268	0	28.2
268	0	28.2
269	0	28.2
269	0	28.2
269	0	28.2
269	0	28.2
269	0	28.2
269	0	28.2
269	0	28.2
269	0	28.2
269	0	28.2
269	0	28.2
270	0	28.2
270	0	28.2
270	0	28.2
270	0	28.2
270	0	28.2
270	0	28.2
270	0	28.2
270	0	28.2
270	0	28.2
270	0	28.2
271	0	28.2
271	0	28.2
271	0	28.2
271	0	28.2
271	0	28.2
271	0	28.2
271	0	28.2
271	0	28.2
271	0	28.2
271	0	28.2
272	0	28.2
272	0	28.2
272	0	28.2
272	0	28.2
272	0	28.2
272	0	28.2
272	0	28.2
272	0	28.2
272	0	28.2
272	0	28.2
273	0	28.2
273	0	28.2
273	0	28.2
273	0	28.2
273	0	28.2
273	0	28.2
273	0	28.2
273	0	28.2
273	0	28.2
273	0	28.2
274	0	28.2
274	0	28.2
274	0	28.2
274	0	28.2
274	0	28.2
274	0	28.1
274	0	28.1
274	0	28.1
274	0	28.1
274	0	28.1
275	0	28.1
275	0	28.1
275	0	28.1
275	0	28.1
275	0	28.1
275	0	28.1
275	0	28.1
275	0	28.1
275	0	28.1
275	0	28.1
276	0	28.1
276	0	28.1
276	0	28.1
276	0	28.1
276	0	28.1
276	0	28.1
276	0	28.1
276	0	28.1
276	0	28.1
276	0	28.1
277	0	28.1
277	0	28.1
277	0	28.1
277	0	28.1
277	0	28.1
277	0	28.1
277	0	28.1
277	0	28.1
277	0	28.1
277	0	28.1
278	0	28.1
278	0	28.1
278	0	28.1
278	0	28.1
278	0	28.1
278	0	28.1
278	0	28.1
278	0	28.1
278	0	28.1
278	0	28.1
279	0	28.1
279	0	28.1
279	0	28.1
279	0	28.1
279	0	28.1
279	0	28.1
279	0	28.1
279	0	28.1
279	0	28.1
279	0	28.1
280	0	28.1
280	0	28.1
280	0	28.1
280	0	28.1
280	0	28.1
280	0	28.1
280	0	28.1
280	0	28.1
280	0	28.1
280	0	28.1
281	0	28
281	0	28
281	0	28
281	0	28
281	0	28
281	0	28
281	0	28
281	0	28
281	0	28
281	0	28
282	0	28
282	0	28
282	0	28
282	0	28
282	0	28
282	0	28
282	0	28
282	0	28
282	0	28
282	0	28
283	0	28
283	0	28
283	0	28
283	0	28
283	0	28
283	0	28
283	0	28
283	0	28
283	0	28
283	0	28
284	0	28
284	0	28
284	0	28
284	0	28
284	0	28
284	0	28
284	0	28
284	0	28
284	0	28
284	0	28
285	0	28
285	0	28
285	0	28
285	0	28
285	0	28
285	0	28
285	0	28
285	0	27.9
285	0	27.9
285	0	27.9
286	0	27.9
286	0	27.9
286	0	27.9
286	0	27.9
286	0	27.9
286	0	27.9
286	0	27.9
286	0	27.9
286	0	27.9
286	0	27.9
287	0	27.9
287	0	27.9
287	0	27.9
287	0	27.9
287	0	27.9
287	0	27.9
287	0	27.9
287	0	27.9
287	0	27.9
287	0	27.9
288	0	27.9
288	0	27.9
288	0	27.9
288	0	27.9
288	0	27.9
288	0	27.9
288	0	27.9
288	0	27.9
288	0	27.9
288	0	27.9
289	0	27.9
289	0	27.9
289	0	27.9
289	0	27.9
289	0	27.9
289	0	27.9
289	0	27.9
289	0	27.9
289	0	27.9
289	0	27.9
290	0	27.9
290	0	27.9
290	0	27.9
290	0	27.9
290	0	27.9
290	0	27.9
290	0	27.9
290	0	27.9
290	0	27.9
290	0	27.9
291	0	27.9
291	0	27.9
291	0	27.9
291	0	27.9
291	0	27.9
291	0	27.9
291	0	27.9
291	0	27.9
291	0	27.9
291	0	27.9
292	0	27.9
292	0	27.8
292	0	27.8
292	0	27.8
292	0	27.8
292	0	27.8
292	0	27.9
292	0	27.8
292	0	27.8
292	0	27.8
293	0	27.8
293	0	27.8
293	0	27.8
293	0	27.8
293	0	27.8
293	0	27.8
293	0	27.8
293	0	27.8
293	0	27.8
293	0	27.8
294	0	27.8
294	0	27.8
294	0	27.8
294	0	27.8
294	0	27.8
294	0	27.8
294	0	27.8
294	0	27.8
294	0	27.8
294	0	27.8
295	0	27.8
295	0	27.8
295	0	27.8
295	0	27.8
295	0	27.8
295	0	27.8
295	0	27.8
295	0	27.8
295	0	27.8
295	0	27.8
296	0	27.8
296	0	27.8
296	0	27.8
296	0	27.8
296	0	27.8
296	0	27.8
296	0	27.8
296	0	27.8
296	0	27.8
296	0	27.8
297	0	27.8
297	0	27.8
297	0	27.8
297	0	27.8
297	0	27.8
297	0	27.8
297	0	27.8
297	0	27.8
297	0	27.8
297	0	27.8
298	0	27.8
298	0	27.8
298	0	27.8
298	0	27.8
298	0	27.8
298	0	27.8
298	0	27.8
298	0	27.8
298	0	27.8
298	0	27.8
299	0	27.8
299	0	27.8
299	0	27.8
299	0	27.8
299	0	27.8
299	0	27.8
299	0	27.8
299	0	27.8
299	0	27.8
299	0	27.8
300	0	27.8
300	0	27.8
300	0	27.8
300	0	27.8
300	0	27.8
300	0	27.8
300	0	27.8
300	0	27.8
300	0	27.8
300	0	27.8
301	0	27.8
301	0	27.8
301	0	27.8
301	0	27.8
301	0	27.8
301	0	27.8
301	0	27.8
301	0	27.8
301	0	27.8
301	0	27.7
302	0	27.7
302	0	27.7
302	0	27.7
302	0	27.7
302	0	27.7
302	0	27.7
302	0	27.7
302	0	27.7
302	0	27.7
302	0	27.7
303	0	27.7
303	0	27.7
303	0	27.7
303	0	27.7
303	0	27.7
303	0	27.6
303	0	27.6
303	0	27.6
303	0	27.6
303	0	27.6
304	0	27.6
304	0	27.6
304	0	27.6
304	0	27.6
304	0	27.6
304	0	27.6
304	0	27.5
304	0	27.5
304	0	27.5
304	0	27.5
305	0	27.5
305	0	27.5
305	0	27.5
305	0	27.5
305	0	27.5
305	0	27.5
305	0	27.5
305	0	27.4
305	0	27.4
305	0	27.4
306	0	27.4
306	0	27.4
306	0	27.4
306	0	27.4
306	0	27.4
306	0	27.4
306	0	27.4
306	0	27.4
306	0	27.3
306	0	27.3
307	0	27.3
307	0	27.3
307	0	27.3
307	0	27.3
307	0	27.3
307	0	27.3
307	0	27.3
307	0	27.3
307	0	27.3
307	0	27.3
308	0	27.3
308	0	27.2
308	0	27.2
308	0	27.2
308	0	27.2
308	0	27.2
308	0	27.2
308	0	27.2
308	0	27.2
308	0	27.2
309	0	27.2
309	0	27.2
309	0	27.2
309	0	27.2
309	0	27.2
309	0	27.2
309	0	27.2
309	0	27.1
309	0	27.1
309	0	27.1
310	0	27.1
310	0	27.1
310	0	27.1
310	0	27.1
310	0	27.1
310	0	27.1
310	0	27.1
310	0	27.1
310	0	27.1
310	0	27.1
311	0	27.1
311	0	27.1
311	0	27.1
311	0	27.1
311	0	27.1
311	0	27.1
311	0	27.1
311	0	27
311	0	27
311	0	27
312	0	27
312	0	27
312	0	27
312	0	27
312	0	27
312	0	27
312	0	27
312	0	27
312	0	27
312	0	27
313	0	27
313	0	27
313	0	27
313	0	27
313	0	27
313	0	27
313	0	27
313	0	27
313	0	27
313	0	27
314	0	27
314	0	27
314	0	27
314	0	27
314	0	27
314	0	27
314	0	27
314	0	27
314	0	26.9
314	0	26.9
315	0	26.9
315	0	26.9
315	0	26.9
315	0	26.9
315	0	26.9
315	0	26.9
315	0	26.9
315	0	26.9
315	0	26.9
315	0	26.9
316	0	26.9
316	0	26.9
316	0	26.9
316	0	26.9
316	0	26.9
316	0	26.9
316	0	26.9
316	0	26.9
316	0	26.9
316	0	26.9
317	0	26.9
317	0	26.9
317	0	26.9
317	0	26.9
317	0	26.9
317	0	26.9
317	0	26.9
317	0	26.9
317	0	26.9
317	0	26.9
318	0	26.9
318	0	26.9
318	0	26.9
318	0	26.9
318	0	26.9
318	0	26.9
318	0	26.9
318	0	26.9
318	0	26.9
318	0	26.9
319	0	26.9
319	0	26.9
319	0	26.9
319	0	26.9
319	0	26.9
319	0	26.9
319	0	26.9
319	0	26.9
319	0	26.9
319	0	26.9
320	0	26.9
320	0	26.9
320	0	26.9
320	0	26.9
320	0	26.9
320	0	26.9
320	0	26.9
320	0	26.9
320	0	26.9
320	0	26.9
321	0	26.9
321	0	26.9
321	0	26.9
321	0	26.9
321	0	26.9
321	0	26.9
321	0	26.9
321	0	26.9
321	0	26.9
321	0	26.9
322	0	26.9
322	0	26.9
322	0	26.9
322	0	26.9
322	0	26.9
322	0	26.9
322	0	26.9
322	0	26.9
322	0	26.9
322	0	26.9
323	0	26.9
323	0	26.9
323	0	26.9
323	0	26.8
323	0	26.8
323	0	26.8
323	0	26.8
323	0	26.8
323	0	26.8
323	0	26.8
324	0	26.8
324	0	26.8
324	0	26.8
324	0	26.8
324	0	26.8
324	0	26.8
324	0	26.8
324	0	26.8
324	0	26.8
324	0	26.8
325	0	26.8
325	0	26.8
325	0	26.8
325	0	26.8
325	0	26.8
325	0	26.8
325	0	26.8
325	0	26.8
325	0	26.8
325	0	26.8
326	0	26.8
326	0	26.8
326	0	26.8
326	0	26.8
326	0	26.8
326	0	26.8
326	0	26.8
326	0	26.8
326	0	26.8
326	0	26.8
327	0	26.8
327	0	26.8
327	0	26.8
327	0	26.8
327	0	26.8
327	0	26.8
327	0	26.8
327	0	26.8
327	0	26.8
327	0	26.8
328	0	26.8
328	0	26.8
328	0	26.8
328	0	26.8
328	0	26.8
328	0	26.8
328	0	26.8
328	0	26.8
328	0	26.8
328	0	26.8
329	0	26.8
329	0	26.8
329	0	26.8
329	0	26.8
329	0	26.8
329	0	26.8
329	0	26.8
329	0	26.8
329	0	26.8
329	0	26.8
330	0	26.8
330	0	26.8
330	0	26.8
330	0	26.8
330	0	26.8
330	0	26.8
330	0	26.8
330	0	26.8
330	0	26.8
330	0	26.8
331	0	26.8
331	0	26.8
331	0	26.8
331	0	26.8
331	0	26.8
331	0	26.8
331	0	26.8
331	0	26.8
331	0	26.8
331	0	26.8
332	0	26.8
332	0	26.8
332	0	26.8
332	0	26.8
332	0	26.8
332	0	26.8
332	0	26.8
332	0	26.8
332	0	26.8
332	0	26.8
333	0	26.7
333	0	26.7
333	0	26.7
333	0	26.7
333	0	26.7
333	0	26.7
333	0	26.7
333	0	26.7
333	0	26.7
333	0	26.7
334	0	26.7
334	0	26.7
334	0	26.7
334	0	26.7
334	0	26.7
334	0	26.7
334	0	26.7
334	0	26.7
334	0	26.7
334	0	26.7
335	0	26.7
335	0	26.7
335	0	26.7
335	0	26.7
335	0	26.7
335	0	26.7
335	0	26.7
335	0	26.7
335	0	26.7
335	0	26.7
336	0	26.7
336	0	26.7
336	0	26.7
336	0	26.7
336	0	26.7
336	0	26.7
336	0	26.7
336	0	26.7
336	0	26.7
336	0	26.7
337	0	26.7
337	0	26.7
337	0	26.7
337	0	26.7
337	0	26.7
337	0	26.7
337	0	26.7
337	0	26.7
337	0	26.7
337	0	26.7
338	0	26.7
338	0	26.7
338	0	26.7
338	0	26.7
338	0	26.7
338	0	26.7
338	0	26.7
338	0	26.7
338	0	26.7
338	0	26.7
339	0	26.7
339	0	26.7
339	0	26.7
339	0	26.7
339	0	26.7
339	0	26.7
339	0	26.7
339	0	26.7
339	0	26.7
339	0	26.7
340	0	26.7
340	0	26.7
340	0	26.7
340	0	26.7
340	0	26.7
340	0	26.7
340	0	26.7
340	0	26.7
340	0	26.7
340	0	26.7
341	0	26.7
341	0	26.7
341	0	26.7
341	0	26.7
341	0	26.7
341	0	26.7
341	0	26.7
341	0	26.7
341	0	26.7
341	0	26.7
342	0	26.7
342	0	26.7
342	0	26.7
342	0	26.7
342	0	26.7
342	0	26.7
342	0	26.7
342	0	26.7
342	0	26.7
342	0	26.7
343	0	26.7
343	0	26.7
343	0	26.7
343	0	26.7
343	0	26.7
343	0	26.7
343	0	26.7
343	0	26.7
343	0	26.7
343	0	26.7
344	0	26.7
344	0	26.7
344	0	26.7
344	0	26.7
344	0	26.7
344	0	26.7
344	0	26.7
344	0	26.7
344	0	26.7
344	0	26.7
345	0	26.7
345	0	26.7
345	0	26.7
345	0	26.7
345	0	26.7
345	0	26.7
345	0	26.7
345	0	26.7
345	0	26.7
345	0	26.7
346	0	26.7
346	0	26.7
346	0	26.7
346	0	26.7
346	0	26.7
346	0	26.7
346	0	26.7
346	0	26.7
346	0	26.7
346	0	26.7
347	0	26.7
347	0	26.7
347	0	26.7
347	0	26.7
347	0	26.7
347	0	26.7
347	0	26.7
347	0	26.7
347	0	26.7
347	0	26.6
348	0	26.7
348	0	26.6
348	0	26.6
348	0	26.6
348	0	26.6
348	0	26.6
348	0	26.6
348	0	26.6
348	0	26.6
348	0	26.6
349	0	26.6
349	0	26.6
349	0	26.6
349	0	26.6
349	0	26.6
349	0	26.6
349	0	26.6
349	0	26.6
349	0	26.6
349	0	26.6
350	0	26.6
350	0	26.6
350	0	26.6
350	0	26.6
350	0	26.6
350	0	26.6
350	0	26.6
350	0	26.6
350	0	26.6
350	0	26.6
351	0	26.6
351	0	26.6
351	0	26.6
351	0	26.6
351	0	26.6
351	0	26.6
351	0	26.6
351	0	26.6
351	0	26.6
351	0	26.6
352	0	26.6
352	0	26.6
352	0	26.6
352	0	26.6
352	0	26.6
352	0	26.6
352	0	26.6
352	0	26.6
352	0	26.6
352	0	26.6
353	0	26.6
353	0	26.6
353	0	26.6
353	0	26.6
353	0	26.6
353	0	26.6
353	0	26.6
353	0	26.6
353	0	26.6
353	0	26.6
354	0	26.6
354	0	26.6
354	0	26.6
354	0	26.6
354	0	26.6
354	0	26.6
354	0	26.6
354	0	26.6
354	0	26.6
354	0	26.6
355	0	26.6
355	0	26.6
355	0	26.6
355	0	26.6
355	0	26.6
355	0	26.6
355	0	26.6
355	0	26.6
355	0	26.6
355	0	26.6
356	0	26.6
356	0	26.6
356	0	26.6
356	0	26.6
356	0	26.6
356	0	26.6
356	0	26.6
356	0	26.6
356	0	26.6
356	0	26.6
357	0	26.6
357	0	26.6
357	0	26.6
357	0	26.6
357	0	26.6
357	0	26.6
357	0	26.6
357	0	26.6
357	0	26.6
357	0	26.6
358	0	26.6
358	0	26.6
358	0	26.6
358	0	26.6
358	0	26.6
358	0	26.6
358	0	26.6
358	0	26.6
358	0	26.6
358	0	26.6
359	0	26.6
359	0	26.6
359	0	26.6
359	0	26.6
359	0	26.6
359	0	26.6
359	0	26.6
359	0	26.6
359	0	26.6
359	0	26.6
360	0	26.6
360	0	26.6
360	0	26.6
360	0	26.6
360	0	26.6
360	0	26.6
360	0	26.6
360	0	26.6
360	0	26.6
360	0	26.6
361	0	26.6
361	0	26.6
361	0	26.6
361	0	26.6
361	0	26.6
361	0	26.6
361	0	26.6
361	0	26.6
361	0	26.6
361	0	26.6
362	0	26.6
362	0	26.6
362	0	26.6
362	0	26.6
362	0	26.6
362	0	26.6
362	0	26.6
362	0	26.6
362	0	26.6
362	0	26.6
363	0	26.6
363	0	26.6
363	0	26.6
363	0	26.6
363	0	26.6
363	0	26.6
363	0	26.6
363	0	26.6
363	0	26.6
363	0	26.6
364	0	26.6
364	0	26.6
364	0	26.6
364	0	26.6
364	0	26.6
364	0	26.6
364	0	26.6
364	0	26.6
364	0	26.6
364	0	26.6
365	0	26.6
365	0	26.6
365	0	26.6
365	0	26.6
365	0	26.6
365	0	26.6
365	0	26.6
365	0	26.6
365	0	26.6
365	0	26.6
366	0	26.6
366	0	26.6
366	0	26.6
366	0	26.6
366	0	26.6
366	0	26.6
366	0	26.6
366	0	26.6
366	0	26.6
366	0	26.6
367	0	26.6
367	0	26.6
367	0	26.6
367	0	26.6
367	0	26.6
367	0	26.6
367	0	26.6
367	0	26.6
367	0	26.6
367	0	26.6
368	0	26.6
368	0	26.6
368	0	26.6
368	0	26.6
368	0	26.6
368	0	26.6
368	0	26.6
368	0	26.6
368	0	26.6
368	0	26.6
369	0	26.6
369	0	26.6
369	0	26.6
369	0	26.6
369	0	26.6
369	0	26.6
369	0	26.6
369	0	26.6
369	0	26.6
369	0	26.6
370	0	26.6
370	0	26.6
370	0	26.6
370	0	26.6
370	0	26.6
370	0	26.6
370	0	26.6
370	0	26.6
370	0	26.6
370	0	26.6
371	0	26.6
371	0	26.6
371	0	26.6
371	0	26.6
371	0	26.6
371	0	26.6
371	0	26.6
371	0	26.6
371	0	26.6
371	0	26.6
372	0	26.6
372	0	26.6
372	0	26.6
372	0	26.6
372	0	26.6
372	0	26.6
372	0	26.6
372	0	26.6
372	0	26.6
372	0	26.6
373	0	26.6
373	0	26.6
373	0	26.6
373	0	26.6
373	0	26.6
373	0	26.6
373	0	26.6
373	0	26.6
373	0	26.6
373	0	26.6
374	0	26.6
374	0	26.6
374	0	26.6
374	0	26.6
374	0	26.6
374	0	26.6
374	0	26.6
374	0	26.6
374	0	26.6
374	0	26.6
375	0	26.6
375	0	26.6
375	0	26.6
375	0	26.6
375	0	26.6
375	0	26.6
375	0	26.6
375	0	26.6
375	0	26.6
375	0	26.6
376	0	26.6
376	0	26.6
376	0	26.6
376	0	26.6
376	0	26.6
376	0	26.6
376	0	26.6
376	0	26.6
376	0	26.6
376	0	26.6
377	0	26.6
377	0	26.6
377	0	26.6
377	0	26.6
377	0	26.6
377	0	26.6
377	0	26.6
377	0	26.6
377	0	26.6
377	0	26.6
378	0	26.6
378	0	26.6
378	0	26.6
378	0	26.6
378	0	26.6
378	0	26.6
378	0	26.6
378	0	26.6
378	0	26.6
378	0	26.6
379	0	26.6
379	0	26.6
379	0	26.6
379	0	26.6
379	0	26.6
379	0	26.6
379	0	26.6
379	0	26.6
379	0	26.6
379	0	26.6
380	0	26.6
380	0	26.6
380	0	26.6
380	0	26.6
380	0	26.6
380	0	26.6
380	0	26.6
380	0	26.6
380	0	26.6
380	0	26.6
381	0	26.6
381	0	26.6
381	0	26.6
381	0	26.6
381	0	26.6
381	0	26.6
381	0	26.6
381	0	26.6
381	0	26.6
381	0	26.6
382	0	26.6
382	0	26.6
382	0	26.6
382	0	26.6
382	0	26.5
382	0	26.5
382	0	26.5
382	0	26.5
382	0	26.5
382	0	26.5
383	0	26.5
383	0	26.5
383	0	26.5
383	0	26.5
383	0	26.5
383	0	26.5
383	0	26.5
383	0	26.5
383	0	26.5
383	0	26.5
384	0	26.5
384	0	26.5
384	0	26.5
384	0	26.5
384	0	26.5
384	0	26.5
384	0	26.5
384	0	26.5
384	0	26.5
384	0	26.5
385	0	26.5
385	0	26.5
385	0	26.5
385	0	26.5
385	0	26.5
385	0	26.5
385	0	26.5
385	0	26.5
385	0	26.5
385	0	26.5
386	0	26.5
386	0	26.5
386	0	26.5
386	0	26.5
386	0	26.5
386	0	26.5
386	0	26.5
386	0	26.5
386	0	26.5
386	0	26.5
387	0	26.5
387	0	26.5
387	0	26.5
387	0	26.5
387	0	26.5
387	0	26.5
387	0	26.5
387	0	26.5
387	0	26.5
387	0	26.5
388	0	26.5
388	0	26.5
388	0	26.5
388	0	26.5
388	0	26.5
388	0	26.5
388	0	26.5
388	0	26.5
388	0	26.5
388	0	26.5
389	0	26.5
389	0	26.5
389	0	26.5
389	0	26.5
389	0	26.5
389	0	26.5
389	0	26.5
389	0	26.5
389	0	26.5
389	0	26.5
390	0	26.5
390	0	26.5
390	0	26.5
390	0	26.5
390	0	26.5
390	0	26.5
390	0	26.5
390	0	26.5
390	0	26.5
390	0	26.5
391	0	26.5
391	0	26.5
391	0	26.5
391	0	26.5
391	0	26.5
391	0	26.5
391	0	26.5
391	0	26.5
391	0	26.5
391	0	26.5
392	0	26.5
392	0	26.5
392	0	26.5
392	0	26.5
392	0	26.5
392	0	26.5
392	0	26.5
392	0	26.5
392	0	26.5
392	0	26.5
393	0	26.5
393	0	26.5
393	0	26.5
393	0	26.5
393	0	26.5
393	0	26.5
393	0	26.5
393	0	26.5
393	0	26.5
393	0	26.5
394	0	26.5
394	0	26.5
394	0	26.5
394	0	26.5
394	0	26.5
394	0	26.5
394	0	26.5
394	0	26.5
394	0	26.5
394	0	26.5
395	0	26.5
395	0	26.5
395	0	26.5
395	0	26.5
395	0	26.5
395	0	26.5
395	0	26.5
395	0	26.5
395	0	26.5
395	0	26.5
396	0	26.5
396	0	26.5
396	0	26.5
396	0	26.5
396	0	26.5
396	0	26.5
396	0	26.5
396	0	26.5
396	0	26.5
396	0	26.5
397	0	26.5
397	0	26.5
397	0	26.5
397	0	26.5
397	0	26.5
397	0	26.5
397	0	26.5
397	0	26.5
397	0	26.5
397	0	26.5
398	0	26.5
398	0	26.5
398	0	26.5
398	0	26.5
398	0	26.5
398	0	26.5
398	0	26.5
398	0	26.5
398	0	26.5
398	0	26.5
399	0	26.5
399	0	26.5
399	0	26.5
399	0	26.5
399	0	26.5
399	0	26.5
399	0	26.5
399	0	26.5
399	0	26.5
399	0	26.5
400	0	26.5
400	0	26.5
400	0	26.5
400	0	26.5
400	0	26.5
400	0	26.5
400	0	26.5
400	0	26.5
400	0	26.5
400	0	26.5
401	0	26.5
401	0	26.5
401	0	26.5
401	0	26.5
401	0	26.5
401	0	26.5
401	0	26.5
401	0	26.5
401	0	26.5
401	0	26.5
402	0	26.5
402	0	26.5
402	0	26.5
402	0	26.5
402	0	26.5
402	0	26.5
402	0	26.5
402	0	26.5
402	0	26.5
402	0	26.5
403	0	26.5
403	0	26.5
403	0	26.5
403	0	26.5
403	0	26.5
403	0	26.5
403	0	26.5
403	0	26.5
403	0	26.5
403	0	26.5
404	0	26.5
404	0	26.5
404	0	26.5
404	0	26.5
404	0	26.5
404	0	26.5
404	0	26.5
404	0	26.5
404	0	26.5
404	0	26.5
405	0	26.5
405	0	26.5
405	0	26.5
405	0	26.5
405	0	26.5
405	0	26.5
405	0	26.5
405	0	26.5
405	0	26.5
405	0	26.5
406	0	26.5
406	0	26.5
406	0	26.5
406	0	26.5
406	0	26.5
406	0	26.5
406	0	26.5
406	0	26.5
406	0	26.5
406	0	26.5
407	0	26.5
407	0	26.5
407	0	26.5
407	0	26.5
407	0	26.5
407	0	26.5
407	0	26.5
407	0	26.5
407	0	26.5
407	0	26.5
408	0	26.5
408	0	26.5
408	0	26.5
408	0	26.5
408	0	26.5
408	0	26.5
408	0	26.5
408	0	26.5
408	0	26.5
408	0	26.5
409	0	26.5
409	0	26.5
409	0	26.5
409	0	26.5
409	0	26.5
409	0	26.5
409	0	26.5
409	0	26.5
409	0	26.5
409	0	26.5
410	0	26.5
410	0	26.5
410	0	26.5
410	0	26.5
410	0	26.5
410	0	26.5
410	0	26.5
410	0	26.5
410	0	26.5
410	0	26.5
411	0	26.5
411	0	26.5
411	0	26.5
411	0	26.5
411	0	26.5
411	0	26.5
411	0	26.5
411	0	26.5
411	0	26.5
411	0	26.5
412	0	26.5
412	0	26.5
412	0	26.5
412	0	26.5
412	0	26.5
412	0	26.5
412	0	26.5
412	0	26.5
412	0	26.5
412	0	26.5
413	0	26.5
413	0	26.5
413	0	26.5
413	0	26.5
413	0	26.5
413	0	26.5
413	0	26.5
413	0	26.5
413	0	26.5
413	0	26.5
414	0	26.5
414	0	26.5
414	0	26.5
414	0	26.5
414	0	26.5
414	0	26.5
414	0	26.5
414	0	26.5
414	0	26.5
414	0	26.5
415	0	26.5
415	0	26.5
415	0	26.5
415	0	26.5
415	0	26.5
415	0	26.5
415	0	26.5
415	0	26.5
415	0	26.4
415	0	26.4
416	0	26.4
416	0	26.4
416	0	26.4
416	0	26.4
416	0	26.4
416	0	26.4
416	0	26.4
416	0	26.4
416	0	26.4
416	0	26.4
417	0	26.4
417	0	26.4
417	0	26.4
417	0	26.4
417	0	26.4
417	0	26.4
417	0	26.4
417	0	26.4
417	0	26.4
417	0	26.4
418	0	26.4
418	0	26.4
418	0	26.4
418	0	26.4
418	0	26.4
418	0	26.4
418	0	26.4
418	0	26.4
418	0	26.4
418	0	26.4
419	0	26.4
419	0	26.4
419	0	26.4
419	0	26.4
419	0	26.4
419	0	26.4
419	0	26.4
419	0	26.4
419	0	26.4
419	0	26.4
420	0	26.4
420	0	26.4
420	0	26.4
420	0	26.4
420	0	26.4
420	0	26.4
420	0	26.4
420	0	26.4
420	0	26.4
420	0	26.4
421	0	26.4
421	0	26.4
421	0	26.4
421	0	26.4
421	0	26.4
421	0	26.4
421	0	26.4
421	0	26.4
421	0	26.4
421	0	26.4
422	0	26.4
422	0	26.4
422	0	26.4
422	0	26.4
422	0	26.4
422	0	26.4
422	0	26.4
422	0	26.4
422	0	26.4
422	0	26.4
423	0	26.4
423	0	26.4
423	0	26.4
423	0	26.4
423	0	26.4
423	0	26.4
423	0	26.4
423	0	26.4
423	0	26.4
423	0	26.4
424	0	26.4
424	0	26.4
424	0	26.4
424	0	26.4
424	0	26.4
424	0	26.4
424	0	26.4
424	0	26.4
